timestamp_ist,expiry,ce_oi,ce_chg_oi,ce_ltp,ce_iv,ce_volume,strike,pe_volume,pe_iv,pe_ltp,pe_chg_oi,pe_oi,ce_buildup,pe_buildup
2026-10-05 09:15,2026-10-06,4160,260,1446.3,0,3640,21000,747370,0,1.05,0,5712330,N/A,N/A
2026-10-05 09:15,2026-10-06,0,0,0,0,0,21200,690365,0,1.35,0,1966055,N/A,N/A
2026-10-05 09:15,2026-10-06,1365,65,1071.95,0,1040,21400,1592825,0,1.7,0,3186495,N/A,N/A
2026-10-05 09:15,2026-10-06,3640,-1235,834.5,0,11050,21600,1276990,0,2.1,0,3053895,N/A,N/A
2026-10-05 09:15,2026-10-06,41730,0,786.5,0,2080,21800,2059200,0,2.8,0,5517655,N/A,N/A
2026-10-05 09:15,2026-10-06,775905,0,588.5,0,53560,22000,3277430,0,5.65,0,10058490,N/A,N/A
2026-10-05 09:15,2026-10-06,841035,0,398,0,119145,22200,2685605,0,13.1,0,6505330,N/A,N/A
2026-10-05 09:15,2026-10-06,3563820,0,219.45,0,1135680,22400,2868775,0,36.5,0,4235660,N/A,N/A
2026-10-05 09:15,2026-10-06,6089395,0,87.85,0,5476900,22600,2152800,0,102.7,0,2513160,N/A,N/A
2026-10-05 09:15,2026-10-06,8943090,0,25.3,0,3537430,22800,184340,0,241.2,0,1808365,N/A,N/A
2026-10-05 09:15,2026-10-06,13764725,0,7.3,0,3355365,23000,33865,0,422.55,0,1663805,N/A,N/A
2026-10-05 09:15,2026-10-06,9475505,0,3.15,0,2694380,23200,9360,0,618.15,0,463840,N/A,N/A
2026-10-05 09:15,2026-10-06,5092685,0,1.6,0,1651715,23400,305045,0,943.9,130,551590,N/A,N/A
2026-10-05 09:15,2026-10-06,4550325,0,1.25,0,681460,23600,195,0,1008.05,0,161265,N/A,N/A
2026-10-05 09:15,2026-10-06,4175145,0,0.95,0,495235,23800,650,0,1219.6,0,103870,N/A,N/A
2026-10-05 09:15,2026-10-06,11099010,0,0.85,0,644020,24000,910,0,1411.85,0,494000,N/A,N/A
2026-10-05 09:15,2026-10-06,2530450,0,0.7,0,173550,24200,21190,0,1722.4,0,88790,N/A,N/A
2026-10-05 09:15,2026-10-06,1675310,0,0.6,0,28990,24400,12870,0,1958.1,130,55315,N/A,N/A
2026-10-05 09:15,2026-10-06,1218620,0,0.55,0,30095,24600,2210,0,2165.75,65,17550,N/A,N/A
2026-10-05 09:15,2026-10-06,388310,0,0.5,0,9295,24800,13780,0,2371.5,65,11310,N/A,N/A
2026-10-05 09:15,2026-10-06,2144610,0,0.5,0,50310,25000,16510,0,2551,390,99775,N/A,N/A
2026-10-05 09:15,2026-10-06,276185,0,0.45,0,24375,25200,520,0,2550,-520,520,N/A,N/A
2026-10-05 09:15,2026-10-06,43030,0,0.5,0,9685,25400,520,0,2800,-520,1560,N/A,N/A
2026-10-05 09:15,2026-10-06,140530,0,0.45,0,16250,25600,130,0,2443.05,-130,0,N/A,N/A
2026-10-05 09:15,2026-10-06,558545,0,0.4,0,52975,25800,8970,0,2733.5,0,10075,N/A,N/A
2026-10-05 09:15,2026-10-06,0,0,0,0,0,26000,0,0,0,0,0,N/A,N/A
2026-10-05 09:15,2026-10-06,0,0,0,0,0,26200,0,0,0,0,0,N/A,N/A
2026-10-05 09:15,2026-10-06,0,0,0,0,0,26400,0,0,0,0,0,N/A,N/A
2026-10-05 09:15,2026-10-06,0,0,0,0,0,26600,0,0,0,0,0,N/A,N/A
2026-10-05 09:15,2026-10-06,0,0,0,0,0,26800,0,0,0,0,0,N/A,N/A
2026-10-05 09:15,2026-10-06,0,0,0,0,0,27000,0,0,0,0,0,N/A,N/A
2026-10-05 09:15,2026-10-06,0,0,0,0,0,27200,0,0,0,0,0,N/A,N/A
2026-10-05 09:15,2026-10-06,0,0,0,0,0,27400,0,0,0,0,0,N/A,N/A
2026-10-05 09:15,2026-10-06,0,0,0,0,0,27600,0,0,0,0,0,N/A,N/A
2026-10-05 09:15,2026-10-06,0,0,0,0,0,27800,0,0,0,0,0,N/A,N/A
2026-10-05 09:15,2026-10-06,0,0,0,0,0,28000,0,0,0,0,0,N/A,N/A
2026-10-05 09:15,2026-10-06,0,0,0,0,0,28200,0,0,0,0,0,N/A,N/A
2026-10-05 09:15,2026-10-06,0,0,0,0,0,28400,0,0,0,0,0,N/A,N/A
2026-10-05 09:15,2026-10-06,0,0,0,0,0,28600,0,0,0,0,0,N/A,N/A
2026-10-05 09:15,2026-10-06,0,0,0,0,0,28800,0,0,0,0,0,N/A,N/A
2026-10-05 09:15,2026-10-06,0,0,0,0,0,29000,0,0,0,0,0,N/A,N/A
2026-10-05 09:15,2026-10-06,0,0,0,0,0,29200,0,0,0,0,0,N/A,N/A
2026-10-05 09:20,2026-10-06,4160,260,1446.3,0,3640,21000,4386850,0,0.95,-69875,5642455,Short Buildup,Long Unwinding
2026-10-05 09:20,2026-10-06,0,0,0,0,0,21200,3145610,0,1.15,276705,2242760,N/A,Short Buildup
2026-10-05 09:20,2026-10-06,1365,65,1071.95,0,1040,21400,4639830,0,1.55,-348660,2837835,Short Buildup,Long Unwinding
2026-10-05 09:20,2026-10-06,3640,-1235,834.5,0,11050,21600,7173335,0,2.1,292760,3346655,Long Unwinding,Short Buildup
2026-10-05 09:20,2026-10-06,40560,-1170,789.75,0,3640,21800,10572835,0,2.9,554580,6072235,Short Covering,Long Buildup
2026-10-05 09:20,2026-10-06,705900,-70005,584,0,295880,22000,12851995,0,6,1213810,11272300,Long Unwinding,Long Buildup
2026-10-05 09:20,2026-10-06,843765,2730,391.25,0,320710,22200,12949170,0,14.2,1171820,7677150,Short Buildup,Long Buildup
2026-10-05 09:20,2026-10-06,3123445,-440375,217,0,4488640,22400,15782455,0,39,3230435,7466095,Long Unwinding,Long Buildup
2026-10-05 09:20,2026-10-06,12321790,6232395,83.75,0,27277250,22600,12993045,0,107.95,3745365,6258525,Short Buildup,Long Buildup
2026-10-05 09:20,2026-10-06,10543195,1600105,21.65,0,14927640,22800,891865,0,245,198250,2006615,Short Buildup,Long Buildup
2026-10-05 09:20,2026-10-06,14469130,704405,6,0,17351750,23000,402090,0,427,-21645,1642160,Short Buildup,Short Covering
2026-10-05 09:20,2026-10-06,9895405,419900,2.7,0,14060605,23200,24310,0,621.85,-8060,455780,Short Buildup,Short Covering
2026-10-05 09:20,2026-10-06,5439070,346385,1.55,0,6625905,23400,16250,0,812.4,-5720,545740,Short Buildup,Long Unwinding
2026-10-05 09:20,2026-10-06,4442490,-107835,1.05,0,4409145,23600,3705,0,1009.85,-325,160940,Long Unwinding,Short Covering
2026-10-05 09:20,2026-10-06,4157725,-17420,0.8,0,2384525,23800,1885,0,1208,-390,103480,Long Unwinding,Long Unwinding
2026-10-05 09:20,2026-10-06,10680995,-418015,0.65,0,6544655,24000,3315,0,1413,-585,493415,Long Unwinding,Short Covering
2026-10-05 09:20,2026-10-06,2530840,390,0.6,0,538200,24200,21190,0,1722.4,0,88790,Short Buildup,N/A
2026-10-05 09:20,2026-10-06,1661985,-13325,0.55,0,282490,24400,12870,0,1958.1,130,55315,Long Unwinding,Short Buildup
2026-10-05 09:20,2026-10-06,1226030,7410,0.5,0,91000,24600,2210,0,2165.75,65,17550,Short Buildup,Short Buildup
2026-10-05 09:20,2026-10-06,369590,-18720,0.5,0,109200,24800,13780,0,2371.5,65,11310,Long Unwinding,Short Buildup
2026-10-05 09:20,2026-10-06,2055625,-88985,0.4,0,385190,25000,16510,0,2551,390,99775,Long Unwinding,Short Buildup
2026-10-05 09:20,2026-10-06,276185,0,0.4,0,63700,25200,520,0,2550,-520,520,N/A,Long Unwinding
2026-10-05 09:20,2026-10-06,43940,910,0.4,0,18655,25400,520,0,2800,-520,1560,Short Buildup,Long Unwinding
2026-10-05 09:20,2026-10-06,152620,12090,0.35,0,51675,25600,130,0,2443.05,-130,0,Short Buildup,Long Unwinding
2026-10-05 09:20,2026-10-06,599430,40885,0.4,0,117650,25800,8970,0,2733.5,0,10075,Short Buildup,N/A
2026-10-05 09:20,2026-10-06,0,0,0,0,0,26000,0,0,0,0,0,N/A,N/A
2026-10-05 09:20,2026-10-06,0,0,0,0,0,26200,0,0,0,0,0,N/A,N/A
2026-10-05 09:20,2026-10-06,0,0,0,0,0,26400,0,0,0,0,0,N/A,N/A
2026-10-05 09:20,2026-10-06,0,0,0,0,0,26600,0,0,0,0,0,N/A,N/A
2026-10-05 09:20,2026-10-06,0,0,0,0,0,26800,0,0,0,0,0,N/A,N/A
2026-10-05 09:20,2026-10-06,0,0,0,0,0,27000,0,0,0,0,0,N/A,N/A
2026-10-05 09:20,2026-10-06,0,0,0,0,0,27200,0,0,0,0,0,N/A,N/A
2026-10-05 09:20,2026-10-06,0,0,0,0,0,27400,0,0,0,0,0,N/A,N/A
2026-10-05 09:20,2026-10-06,0,0,0,0,0,27600,0,0,0,0,0,N/A,N/A
2026-10-05 09:20,2026-10-06,0,0,0,0,0,27800,0,0,0,0,0,N/A,N/A
2026-10-05 09:20,2026-10-06,0,0,0,0,0,28000,0,0,0,0,0,N/A,N/A
2026-10-05 09:20,2026-10-06,0,0,0,0,0,28200,0,0,0,0,0,N/A,N/A
2026-10-05 09:20,2026-10-06,0,0,0,0,0,28400,0,0,0,0,0,N/A,N/A
2026-10-05 09:20,2026-10-06,0,0,0,0,0,28600,0,0,0,0,0,N/A,N/A
2026-10-05 09:20,2026-10-06,0,0,0,0,0,28800,0,0,0,0,0,N/A,N/A
2026-10-05 09:20,2026-10-06,0,0,0,0,0,29000,0,0,0,0,0,N/A,N/A
2026-10-05 09:20,2026-10-06,0,0,0,0,0,29200,0,0,0,0,0,N/A,N/A
2026-10-05 09:25,2026-10-06,4160,260,1446.3,0,3640,21000,5686005,0,1,-161525,5550805,Short Buildup,Short Covering
2026-10-05 09:25,2026-10-06,0,0,0,0,0,21200,4988165,0,1.15,284570,2250625,N/A,Short Buildup
2026-10-05 09:25,2026-10-06,1365,65,1071.95,0,1040,21400,6456385,0,1.45,-355030,2831465,Short Buildup,Long Unwinding
2026-10-05 09:25,2026-10-06,3640,-1235,834.5,0,11050,21600,10603125,0,1.9,434720,3488615,Long Unwinding,Short Buildup
2026-10-05 09:25,2026-10-06,40365,-1365,780.8,0,4420,21800,15230865,0,2.8,948545,6466200,Long Unwinding,Short Buildup
2026-10-05 09:25,2026-10-06,707460,-68445,588.2,0,335985,22000,19326320,0,5.75,1776060,11834550,Short Covering,Short Buildup
2026-10-05 09:25,2026-10-06,831545,-9490,396.2,0,460330,22200,19385015,0,13.95,1307930,7813260,Short Covering,Short Buildup
2026-10-05 09:25,2026-10-06,3356210,-207610,221.25,0,6708585,22400,25851995,0,38.3,4272450,8508110,Short Covering,Short Buildup
2026-10-05 09:25,2026-10-06,15007655,8918260,86.55,0,43752150,22600,24460670,0,104.6,4122820,6635980,Long Buildup,Short Buildup
2026-10-05 09:25,2026-10-06,11805690,2862600,21.5,0,21806915,22800,1529840,0,239.1,284570,2092935,Short Buildup,Short Buildup
2026-10-05 09:25,2026-10-06,15115230,1350505,5.6,0,23171720,23000,569465,0,422.7,14690,1678495,Short Buildup,Short Buildup
2026-10-05 09:25,2026-10-06,10001810,526305,2.7,0,18534685,23200,56875,0,618.35,-26650,437190,Short Buildup,Long Unwinding
2026-10-05 09:25,2026-10-06,5476770,384085,1.6,0,8499075,23400,23725,0,819.6,-7540,543920,Long Buildup,Short Covering
2026-10-05 09:25,2026-10-06,4287335,-262990,1.1,0,5872880,23600,7605,0,1016.65,-1105,160160,Short Covering,Short Covering
2026-10-05 09:25,2026-10-06,4133285,-41860,0.8,0,3260140,23800,2535,0,1220,-520,103350,Long Unwinding,Short Covering
2026-10-05 09:25,2026-10-06,10186865,-912145,0.65,0,8323315,24000,8125,0,1418,-1755,492245,Long Unwinding,Short Covering
2026-10-05 09:25,2026-10-06,2532595,2145,0.6,0,670995,24200,2990,0,1618.9,-65,88725,Short Buildup,Long Unwinding
2026-10-05 09:25,2026-10-06,1664195,-11115,0.55,0,319475,24400,12870,0,1958.1,130,55315,Long Unwinding,Short Buildup
2026-10-05 09:25,2026-10-06,1169285,-49335,0.5,0,268125,24600,2210,0,2165.75,65,17550,Long Unwinding,Short Buildup
2026-10-05 09:25,2026-10-06,380640,-7670,0.5,0,119470,24800,13780,0,2371.5,65,11310,Long Unwinding,Short Buildup
2026-10-05 09:25,2026-10-06,1940380,-204230,0.45,0,819715,25000,16510,0,2551,390,99775,Short Covering,Short Buildup
2026-10-05 09:25,2026-10-06,281450,5265,0.35,0,77350,25200,520,0,2550,-520,520,Short Buildup,Long Unwinding
2026-10-05 09:25,2026-10-06,43420,390,0.45,0,21255,25400,520,0,2800,-520,1560,Long Buildup,Long Unwinding
2026-10-05 09:25,2026-10-06,152620,12090,0.35,0,57200,25600,130,0,2443.05,-130,0,Short Buildup,Long Unwinding
2026-10-05 09:25,2026-10-06,596700,38155,0.35,0,167700,25800,8970,0,2733.5,0,10075,Short Buildup,N/A
2026-10-05 09:25,2026-10-06,0,0,0,0,0,26000,0,0,0,0,0,N/A,N/A
2026-10-05 09:25,2026-10-06,0,0,0,0,0,26200,0,0,0,0,0,N/A,N/A
2026-10-05 09:25,2026-10-06,0,0,0,0,0,26400,0,0,0,0,0,N/A,N/A
2026-10-05 09:25,2026-10-06,0,0,0,0,0,26600,0,0,0,0,0,N/A,N/A
2026-10-05 09:25,2026-10-06,0,0,0,0,0,26800,0,0,0,0,0,N/A,N/A
2026-10-05 09:25,2026-10-06,0,0,0,0,0,27000,0,0,0,0,0,N/A,N/A
2026-10-05 09:25,2026-10-06,0,0,0,0,0,27200,0,0,0,0,0,N/A,N/A
2026-10-05 09:25,2026-10-06,0,0,0,0,0,27400,0,0,0,0,0,N/A,N/A
2026-10-05 09:25,2026-10-06,0,0,0,0,0,27600,0,0,0,0,0,N/A,N/A
2026-10-05 09:25,2026-10-06,0,0,0,0,0,27800,0,0,0,0,0,N/A,N/A
2026-10-05 09:25,2026-10-06,0,0,0,0,0,28000,0,0,0,0,0,N/A,N/A
2026-10-05 09:25,2026-10-06,0,0,0,0,0,28200,0,0,0,0,0,N/A,N/A
2026-10-05 09:25,2026-10-06,0,0,0,0,0,28400,0,0,0,0,0,N/A,N/A
2026-10-05 09:25,2026-10-06,0,0,0,0,0,28600,0,0,0,0,0,N/A,N/A
2026-10-05 09:25,2026-10-06,0,0,0,0,0,28800,0,0,0,0,0,N/A,N/A
2026-10-05 09:25,2026-10-06,0,0,0,0,0,29000,0,0,0,0,0,N/A,N/A
2026-10-05 09:25,2026-10-06,0,0,0,0,0,29200,0,0,0,0,0,N/A,N/A
2026-10-05 09:30,2026-10-06,4160,260,1446.3,0,3640,21000,7035795,0,1,-329875,5382455,Short Buildup,Long Unwinding
2026-10-05 09:30,2026-10-06,0,0,0,0,0,21200,5817240,0,1.2,350935,2316990,N/A,Long Buildup
2026-10-05 09:30,2026-10-06,1365,65,1071.95,0,1040,21400,7955675,0,1.6,-163475,3023020,Short Buildup,Short Covering
2026-10-05 09:30,2026-10-06,3640,-1235,834.5,0,11050,21600,14371110,0,2.25,955890,4009785,Long Unwinding,Long Buildup
2026-10-05 09:30,2026-10-06,40365,-1365,802,0,4940,21800,18101005,0,3.1,1293825,6811480,Short Covering,Long Buildup
2026-10-05 09:30,2026-10-06,703430,-72475,608.6,0,359645,22000,23330320,0,5.85,2457260,12515750,Short Covering,Long Buildup
2026-10-05 09:30,2026-10-06,815100,-25935,415.5,0,584675,22200,22875905,0,13.3,1568775,8074105,Short Covering,Short Buildup
2026-10-05 09:30,2026-10-06,3160430,-403390,238.9,0,8792225,22400,32205420,0,35.1,4890925,9126585,Short Covering,Short Buildup
2026-10-05 09:30,2026-10-06,15415595,9326200,96.6,0,62302695,22600,33681830,0,94.5,6314815,8827975,Long Buildup,Short Buildup
2026-10-05 09:30,2026-10-06,11950770,3007680,24.4,0,28305355,22800,2190825,0,223.1,411970,2220335,Long Buildup,Short Buildup
2026-10-05 09:30,2026-10-06,15734550,1969825,6,0,28705560,23000,780000,0,401.2,6435,1670240,Long Buildup,Short Buildup
2026-10-05 09:30,2026-10-06,10359895,884390,2.65,0,22485970,23200,61230,0,598,-27560,436280,Short Buildup,Long Unwinding
2026-10-05 09:30,2026-10-06,6041230,948545,1.65,0,10546770,23400,28470,0,796.1,-10335,541125,Long Buildup,Long Unwinding
2026-10-05 09:30,2026-10-06,4205240,-345085,1.05,0,6980870,23600,9945,0,999,-1235,160030,Long Unwinding,Long Unwinding
2026-10-05 09:30,2026-10-06,4021420,-153725,0.8,0,3597035,23800,2600,0,1200,-520,103350,Long Unwinding,Long Unwinding
2026-10-05 09:30,2026-10-06,9838270,-1260740,0.7,0,10473840,24000,10270,0,1395,-5655,488345,Short Covering,Long Unwinding
2026-10-05 09:30,2026-10-06,2530905,455,0.55,0,949845,24200,3770,0,1595,325,89115,Short Buildup,Short Buildup
2026-10-05 09:30,2026-10-06,1660880,-14430,0.45,0,395980,24400,260,0,1800,-65,55120,Long Unwinding,Long Unwinding
2026-10-05 09:30,2026-10-06,1094015,-124605,0.5,0,577135,24600,65,0,2000,0,17485,Long Unwinding,N/A
2026-10-05 09:30,2026-10-06,361725,-26585,0.45,0,197340,24800,13780,0,2371.5,65,11310,Long Unwinding,Short Buildup
2026-10-05 09:30,2026-10-06,1925950,-218660,0.45,0,1054755,25000,16510,0,2551,390,99775,Long Unwinding,Short Buildup
2026-10-05 09:30,2026-10-06,281450,5265,0.4,0,77740,25200,520,0,2550,-520,520,Long Buildup,Long Unwinding
2026-10-05 09:30,2026-10-06,44005,975,0.35,0,25285,25400,520,0,2800,-520,1560,Short Buildup,Long Unwinding
2026-10-05 09:30,2026-10-06,152620,12090,0.4,0,60385,25600,130,0,2443.05,-130,0,Long Buildup,Long Unwinding
2026-10-05 09:30,2026-10-06,636870,78325,0.4,0,253435,25800,8970,0,2733.5,0,10075,Long Buildup,N/A
2026-10-05 09:30,2026-10-06,0,0,0,0,0,26000,0,0,0,0,0,N/A,N/A
2026-10-05 09:30,2026-10-06,0,0,0,0,0,26200,0,0,0,0,0,N/A,N/A
2026-10-05 09:30,2026-10-06,0,0,0,0,0,26400,0,0,0,0,0,N/A,N/A
2026-10-05 09:30,2026-10-06,0,0,0,0,0,26600,0,0,0,0,0,N/A,N/A
2026-10-05 09:30,2026-10-06,0,0,0,0,0,26800,0,0,0,0,0,N/A,N/A
2026-10-05 09:30,2026-10-06,0,0,0,0,0,27000,0,0,0,0,0,N/A,N/A
2026-10-05 09:30,2026-10-06,0,0,0,0,0,27200,0,0,0,0,0,N/A,N/A
2026-10-05 09:30,2026-10-06,0,0,0,0,0,27400,0,0,0,0,0,N/A,N/A
2026-10-05 09:30,2026-10-06,0,0,0,0,0,27600,0,0,0,0,0,N/A,N/A
2026-10-05 09:30,2026-10-06,0,0,0,0,0,27800,0,0,0,0,0,N/A,N/A
2026-10-05 09:30,2026-10-06,0,0,0,0,0,28000,0,0,0,0,0,N/A,N/A
2026-10-05 09:30,2026-10-06,0,0,0,0,0,28200,0,0,0,0,0,N/A,N/A
2026-10-05 09:30,2026-10-06,0,0,0,0,0,28400,0,0,0,0,0,N/A,N/A
2026-10-05 09:30,2026-10-06,0,0,0,0,0,28600,0,0,0,0,0,N/A,N/A
2026-10-05 09:30,2026-10-06,0,0,0,0,0,28800,0,0,0,0,0,N/A,N/A
2026-10-05 09:30,2026-10-06,0,0,0,0,0,29000,0,0,0,0,0,N/A,N/A
2026-10-05 09:30,2026-10-06,0,0,0,0,0,29200,0,0,0,0,0,N/A,N/A
2026-10-05 09:35,2026-10-06,4160,260,1446.3,0,3640,21000,8007545,0,1.05,-307710,5404620,Short Buildup,Short Covering
2026-10-05 09:35,2026-10-06,0,0,0,0,0,21200,6724380,0,1.25,429780,2395835,N/A,Long Buildup
2026-10-05 09:35,2026-10-06,1365,65,1071.95,0,1040,21400,9167340,0,1.65,-96785,3089710,Short Buildup,Short Covering
2026-10-05 09:35,2026-10-06,3640,-1235,834.5,0,11050,21600,16893500,0,2.3,1481090,4534985,Long Unwinding,Long Buildup
2026-10-05 09:35,2026-10-06,40300,-1430,808.9,0,5785,21800,19803745,0,3.15,1726270,7243925,Short Covering,Long Buildup
2026-10-05 09:35,2026-10-06,683735,-92170,611.05,0,426335,22000,26707980,0,5.9,2367560,12426050,Short Covering,Long Buildup
2026-10-05 09:35,2026-10-06,769145,-71890,415.25,0,700570,22200,25340315,0,13.2,1907425,8412755,Long Unwinding,Short Buildup
2026-10-05 09:35,2026-10-06,3031080,-532740,237.9,0,10205130,22400,36398895,0,35,5476380,9712040,Long Unwinding,Short Buildup
2026-10-05 09:35,2026-10-06,15348320,9258925,96.5,0,79904240,22600,42588455,0,93.85,9362665,11875825,Short Buildup,Short Buildup
2026-10-05 09:35,2026-10-06,12463425,3520335,23.9,0,34785920,22800,2789475,0,221.85,578565,2386930,Short Buildup,Short Buildup
2026-10-05 09:35,2026-10-06,16020420,2255695,5.75,0,32704945,23000,945165,0,401.7,-9815,1653990,Short Buildup,Short Covering
2026-10-05 09:35,2026-10-06,10322715,847210,2.65,0,25063545,23200,70330,0,599.65,-30355,433485,Short Buildup,Short Covering
2026-10-05 09:35,2026-10-06,6103240,1010555,1.65,0,11211005,23400,30615,0,789.6,-11440,540020,Short Buildup,Long Unwinding
2026-10-05 09:35,2026-10-06,4047810,-502515,1.15,0,7779720,23600,11375,0,984.75,-2860,158405,Short Covering,Long Unwinding
2026-10-05 09:35,2026-10-06,3974815,-200330,0.75,0,3931395,23800,3120,0,1191.95,-520,103350,Long Unwinding,Long Unwinding
2026-10-05 09:35,2026-10-06,9603945,-1495065,0.7,0,11444615,24000,16770,0,1389,-12220,481780,Long Unwinding,Long Unwinding
2026-10-05 09:35,2026-10-06,2517970,-12480,0.5,0,996840,24200,4810,0,1582,-195,88595,Long Unwinding,Long Unwinding
2026-10-05 09:35,2026-10-06,1220310,-455000,0.5,0,1118845,24400,260,0,1800,-65,55120,Short Covering,Long Unwinding
2026-10-05 09:35,2026-10-06,957255,-261365,0.5,0,778570,24600,65,0,2000,0,17485,Long Unwinding,N/A
2026-10-05 09:35,2026-10-06,361595,-26715,0.45,0,197470,24800,13780,0,2371.5,65,11310,Long Unwinding,Short Buildup
2026-10-05 09:35,2026-10-06,1823835,-320775,0.35,0,1368445,25000,715,0,2384.35,-520,98865,Long Unwinding,Long Unwinding
2026-10-05 09:35,2026-10-06,281450,5265,0.4,0,80015,25200,520,0,2550,-520,520,Short Buildup,Long Unwinding
2026-10-05 09:35,2026-10-06,46085,3055,0.4,0,26585,25400,520,0,2800,-520,1560,Long Buildup,Long Unwinding
2026-10-05 09:35,2026-10-06,152490,11960,0.4,0,67925,25600,130,0,2443.05,-130,0,Short Buildup,Long Unwinding
2026-10-05 09:35,2026-10-06,637325,78780,0.3,0,291590,25800,8970,0,2733.5,0,10075,Short Buildup,N/A
2026-10-05 09:35,2026-10-06,0,0,0,0,0,26000,0,0,0,0,0,N/A,N/A
2026-10-05 09:35,2026-10-06,0,0,0,0,0,26200,0,0,0,0,0,N/A,N/A
2026-10-05 09:35,2026-10-06,0,0,0,0,0,26400,0,0,0,0,0,N/A,N/A
2026-10-05 09:35,2026-10-06,0,0,0,0,0,26600,0,0,0,0,0,N/A,N/A
2026-10-05 09:35,2026-10-06,0,0,0,0,0,26800,0,0,0,0,0,N/A,N/A
2026-10-05 09:35,2026-10-06,0,0,0,0,0,27000,0,0,0,0,0,N/A,N/A
2026-10-05 09:35,2026-10-06,0,0,0,0,0,27200,0,0,0,0,0,N/A,N/A
2026-10-05 09:35,2026-10-06,0,0,0,0,0,27400,0,0,0,0,0,N/A,N/A
2026-10-05 09:35,2026-10-06,0,0,0,0,0,27600,0,0,0,0,0,N/A,N/A
2026-10-05 09:35,2026-10-06,0,0,0,0,0,27800,0,0,0,0,0,N/A,N/A
2026-10-05 09:35,2026-10-06,0,0,0,0,0,28000,0,0,0,0,0,N/A,N/A
2026-10-05 09:35,2026-10-06,0,0,0,0,0,28200,0,0,0,0,0,N/A,N/A
2026-10-05 09:35,2026-10-06,0,0,0,0,0,28400,0,0,0,0,0,N/A,N/A
2026-10-05 09:35,2026-10-06,0,0,0,0,0,28600,0,0,0,0,0,N/A,N/A
2026-10-05 09:35,2026-10-06,0,0,0,0,0,28800,0,0,0,0,0,N/A,N/A
2026-10-05 09:35,2026-10-06,0,0,0,0,0,29000,0,0,0,0,0,N/A,N/A
2026-10-05 09:35,2026-10-06,0,0,0,0,0,29200,0,0,0,0,0,N/A,N/A
2026-10-05 09:40,2026-10-06,3900,0,1508.1,0,65,21000,9930050,0,1,-556660,5155670,N/A,Long Unwinding
2026-10-05 09:40,2026-10-06,0,0,0,0,0,21200,7985510,0,1.2,259805,2225860,N/A,Short Buildup
2026-10-05 09:40,2026-10-06,1365,65,1071.95,0,1040,21400,9884290,0,1.6,-8580,3177915,Short Buildup,Long Unwinding
2026-10-05 09:40,2026-10-06,4810,-65,1010,0,455,21600,18800275,0,2.1,1794520,4848415,Short Covering,Short Buildup
2026-10-05 09:40,2026-10-06,40235,-1495,808,0,5915,21800,21422245,0,2.95,2288520,7806175,Long Unwinding,Short Buildup
2026-10-05 09:40,2026-10-06,682110,-93795,611.8,0,459355,22000,29630120,0,5.5,2675270,12733760,Short Covering,Short Buildup
2026-10-05 09:40,2026-10-06,760240,-80795,417.6,0,774605,22200,28009800,0,12.55,2234440,8739770,Short Covering,Short Buildup
2026-10-05 09:40,2026-10-06,3167255,-396565,239.8,0,11412440,22400,41221895,0,34.15,6164860,10400520,Short Covering,Short Buildup
2026-10-05 09:40,2026-10-06,16349970,10260575,98.15,0,93443285,22600,54604940,0,92.15,11036350,13549510,Long Buildup,Short Buildup
2026-10-05 09:40,2026-10-06,12795770,3852680,24.35,0,40342315,22800,3392350,0,218.9,609375,2417740,Long Buildup,Short Buildup
2026-10-05 09:40,2026-10-06,16151265,2386540,5.55,0,35913020,23000,1050400,0,399.65,-38870,1624935,Short Buildup,Long Unwinding
2026-10-05 09:40,2026-10-06,10363405,887900,2.35,0,26741520,23200,78390,0,598.9,-33280,430560,Short Buildup,Long Unwinding
2026-10-05 09:40,2026-10-06,6019520,926835,1.5,0,12068420,23400,33085,0,793.35,-11570,539890,Short Buildup,Short Covering
2026-10-05 09:40,2026-10-06,4026360,-523965,1.05,0,8111415,23600,11700,0,994.05,-2990,158275,Long Unwinding,Short Covering
2026-10-05 09:40,2026-10-06,3978195,-196950,0.75,0,4140045,23800,4095,0,1192.2,-1170,102700,Long Unwinding,Short Covering
2026-10-05 09:40,2026-10-06,9000355,-2098655,0.65,0,13249080,24000,18720,0,1385,-12805,481195,Long Unwinding,Long Unwinding
2026-10-05 09:40,2026-10-06,2518555,-11895,0.55,0,1033760,24200,5460,0,1604.4,-1625,87165,Short Covering,Short Covering
2026-10-05 09:40,2026-10-06,1221220,-454090,0.5,0,1149915,24400,650,0,1790,-585,54600,Long Unwinding,Long Unwinding
2026-10-05 09:40,2026-10-06,961415,-257205,0.45,0,785980,24600,65,0,2000,0,17485,Long Unwinding,N/A
2026-10-05 09:40,2026-10-06,362895,-25415,0.45,0,199810,24800,13780,0,2371.5,65,11310,Long Unwinding,Short Buildup
2026-10-05 09:40,2026-10-06,1787500,-357110,0.35,0,1499680,25000,1040,0,2390,-845,98540,Long Unwinding,Short Covering
2026-10-05 09:40,2026-10-06,283725,7540,0.35,0,131820,25200,520,0,2550,-520,520,Short Buildup,Long Unwinding
2026-10-05 09:40,2026-10-06,44265,1235,0.4,0,28145,25400,520,0,2800,-520,1560,Short Buildup,Long Unwinding
2026-10-05 09:40,2026-10-06,152490,11960,0.4,0,70460,25600,130,0,2443.05,-130,0,Short Buildup,Long Unwinding
2026-10-05 09:40,2026-10-06,607425,48880,0.35,0,433940,25800,8970,0,2733.5,0,10075,Long Buildup,N/A
2026-10-05 09:40,2026-10-06,0,0,0,0,0,26000,0,0,0,0,0,N/A,N/A
2026-10-05 09:40,2026-10-06,0,0,0,0,0,26200,0,0,0,0,0,N/A,N/A
2026-10-05 09:40,2026-10-06,0,0,0,0,0,26400,0,0,0,0,0,N/A,N/A
2026-10-05 09:40,2026-10-06,0,0,0,0,0,26600,0,0,0,0,0,N/A,N/A
2026-10-05 09:40,2026-10-06,0,0,0,0,0,26800,0,0,0,0,0,N/A,N/A
2026-10-05 09:40,2026-10-06,0,0,0,0,0,27000,0,0,0,0,0,N/A,N/A
2026-10-05 09:40,2026-10-06,0,0,0,0,0,27200,0,0,0,0,0,N/A,N/A
2026-10-05 09:40,2026-10-06,0,0,0,0,0,27400,0,0,0,0,0,N/A,N/A
2026-10-05 09:40,2026-10-06,0,0,0,0,0,27600,0,0,0,0,0,N/A,N/A
2026-10-05 09:40,2026-10-06,0,0,0,0,0,27800,0,0,0,0,0,N/A,N/A
2026-10-05 09:40,2026-10-06,0,0,0,0,0,28000,0,0,0,0,0,N/A,N/A
2026-10-05 09:40,2026-10-06,0,0,0,0,0,28200,0,0,0,0,0,N/A,N/A
2026-10-05 09:40,2026-10-06,0,0,0,0,0,28400,0,0,0,0,0,N/A,N/A
2026-10-05 09:40,2026-10-06,0,0,0,0,0,28600,0,0,0,0,0,N/A,N/A
2026-10-05 09:40,2026-10-06,0,0,0,0,0,28800,0,0,0,0,0,N/A,N/A
2026-10-05 09:40,2026-10-06,0,0,0,0,0,29000,0,0,0,0,0,N/A,N/A
2026-10-05 09:40,2026-10-06,0,0,0,0,0,29200,0,0,0,0,0,N/A,N/A
2026-10-05 09:45,2026-10-06,3900,0,1508.1,0,65,21000,11136515,0,1,-510250,5202080,N/A,Long Unwinding
2026-10-05 09:45,2026-10-06,0,0,0,0,0,21200,8823100,0,1.25,237900,2203955,N/A,Long Buildup
2026-10-05 09:45,2026-10-06,1365,65,1071.95,0,1040,21400,10355280,0,1.6,-4550,3181945,Short Buildup,Long Unwinding
2026-10-05 09:45,2026-10-06,4810,-65,1010,0,455,21600,19670300,0,2.2,1973790,5027685,Long Unwinding,Long Buildup
2026-10-05 09:45,2026-10-06,40495,-1235,801.05,0,9360,21800,22291360,0,3,2453490,7971145,Long Unwinding,Long Buildup
2026-10-05 09:45,2026-10-06,680875,-95030,618,0,469235,22000,31476055,0,5.4,2810145,12868635,Short Covering,Short Buildup
2026-10-05 09:45,2026-10-06,749710,-91325,422.8,0,816140,22200,29575260,0,11.9,2456025,8961355,Short Covering,Short Buildup
2026-10-05 09:45,2026-10-06,3050710,-513110,243.4,0,11949275,22400,44002920,0,32.1,6680700,10916360,Short Covering,Short Buildup
2026-10-05 09:45,2026-10-06,17462445,11373050,99.9,0,102489985,22600,61586850,0,88.15,12632685,15145845,Long Buildup,Short Buildup
2026-10-05 09:45,2026-10-06,13219115,4276025,24.2,0,43926480,22800,3700970,0,213.2,650325,2458690,Short Buildup,Short Buildup
2026-10-05 09:45,2026-10-06,16487120,2722395,5.25,0,38685725,23000,1109810,0,394,-46930,1616875,Short Buildup,Long Unwinding
2026-10-05 09:45,2026-10-06,10353005,877500,2.3,0,27782040,23200,88140,0,588.95,-32500,431340,Short Buildup,Long Unwinding
2026-10-05 09:45,2026-10-06,5912400,819715,1.5,0,12708670,23400,37180,0,788.05,-10075,541385,Short Buildup,Long Unwinding
2026-10-05 09:45,2026-10-06,4009655,-540670,1.1,0,8653320,23600,12415,0,995,-3705,157560,Short Covering,Short Covering
2026-10-05 09:45,2026-10-06,3987945,-187200,0.8,0,4786080,23800,5655,0,1193,-1755,102115,Short Covering,Short Covering
2026-10-05 09:45,2026-10-06,8580455,-2518555,0.7,0,14618565,24000,22100,0,1386,-15340,478660,Short Covering,Short Covering
2026-10-05 09:45,2026-10-06,2516280,-14170,0.5,0,1051310,24200,5460,0,1604.4,-1625,87165,Long Unwinding,Long Unwinding
2026-10-05 09:45,2026-10-06,1208090,-467220,0.45,0,1190540,24400,1105,0,1795,-715,54470,Long Unwinding,Short Covering
2026-10-05 09:45,2026-10-06,838565,-380055,0.5,0,1056315,24600,260,0,1985,-65,17420,Short Covering,Long Unwinding
2026-10-05 09:45,2026-10-06,330200,-58110,0.4,0,249795,24800,65,0,2208.5,0,11245,Long Unwinding,N/A
2026-10-05 09:45,2026-10-06,1763775,-380835,0.35,0,1597570,25000,1560,0,2395,-1430,97955,Long Unwinding,Short Covering
2026-10-05 09:45,2026-10-06,283725,7540,0.35,0,131820,25200,520,0,2550,-520,520,Short Buildup,Long Unwinding
2026-10-05 09:45,2026-10-06,44330,1300,0.35,0,29510,25400,520,0,2800,-520,1560,Short Buildup,Long Unwinding
2026-10-05 09:45,2026-10-06,149045,8515,0.4,0,76310,25600,130,0,2443.05,-130,0,Short Buildup,Long Unwinding
2026-10-05 09:45,2026-10-06,611910,53365,0.4,0,450710,25800,8970,0,2733.5,0,10075,Long Buildup,N/A
2026-10-05 09:45,2026-10-06,0,0,0,0,0,26000,0,0,0,0,0,N/A,N/A
2026-10-05 09:45,2026-10-06,0,0,0,0,0,26200,0,0,0,0,0,N/A,N/A
2026-10-05 09:45,2026-10-06,0,0,0,0,0,26400,0,0,0,0,0,N/A,N/A
2026-10-05 09:45,2026-10-06,0,0,0,0,0,26600,0,0,0,0,0,N/A,N/A
2026-10-05 09:45,2026-10-06,0,0,0,0,0,26800,0,0,0,0,0,N/A,N/A
2026-10-05 09:45,2026-10-06,0,0,0,0,0,27000,0,0,0,0,0,N/A,N/A
2026-10-05 09:45,2026-10-06,0,0,0,0,0,27200,0,0,0,0,0,N/A,N/A
2026-10-05 09:45,2026-10-06,0,0,0,0,0,27400,0,0,0,0,0,N/A,N/A
2026-10-05 09:45,2026-10-06,0,0,0,0,0,27600,0,0,0,0,0,N/A,N/A
2026-10-05 09:45,2026-10-06,0,0,0,0,0,27800,0,0,0,0,0,N/A,N/A
2026-10-05 09:45,2026-10-06,0,0,0,0,0,28000,0,0,0,0,0,N/A,N/A
2026-10-05 09:45,2026-10-06,0,0,0,0,0,28200,0,0,0,0,0,N/A,N/A
2026-10-05 09:45,2026-10-06,0,0,0,0,0,28400,0,0,0,0,0,N/A,N/A
2026-10-05 09:45,2026-10-06,0,0,0,0,0,28600,0,0,0,0,0,N/A,N/A
2026-10-05 09:45,2026-10-06,0,0,0,0,0,28800,0,0,0,0,0,N/A,N/A
2026-10-05 09:45,2026-10-06,0,0,0,0,0,29000,0,0,0,0,0,N/A,N/A
2026-10-05 09:45,2026-10-06,0,0,0,0,0,29200,0,0,0,0,0,N/A,N/A
2026-10-05 09:50,2026-10-06,3965,65,1630,0,260,21000,12487865,0,1.1,-359190,5353140,Long Buildup,Short Covering
2026-10-05 09:50,2026-10-06,0,0,0,0,0,21200,9033505,0,1.35,263965,2230020,N/A,Long Buildup
2026-10-05 09:50,2026-10-06,1365,65,1071.95,0,1040,21400,11020945,0,1.7,135850,3322345,Short Buildup,Long Buildup
2026-10-05 09:50,2026-10-06,4810,-65,1010,0,455,21600,21065720,0,2.25,1874925,4928820,Long Unwinding,Long Buildup
2026-10-05 09:50,2026-10-06,39910,-1820,838.25,0,10725,21800,23401170,0,2.9,2428140,7945795,Short Covering,Short Buildup
2026-10-05 09:50,2026-10-06,675415,-100490,642.4,0,532870,22000,34249605,0,5,2886065,12944555,Short Covering,Short Buildup
2026-10-05 09:50,2026-10-06,720005,-121030,447.9,0,926250,22200,31888220,0,10.6,2497690,9003020,Short Covering,Short Buildup
2026-10-05 09:50,2026-10-06,2815605,-748215,265.3,0,13552890,22400,50984570,0,28,7658365,11894025,Short Covering,Short Buildup
2026-10-05 09:50,2026-10-06,15946970,9857575,113.7,0,123330350,22600,74261720,0,78,14704365,17217525,Long Buildup,Short Buildup
2026-10-05 09:50,2026-10-06,12782445,3839355,29.65,0,53516840,22800,4464655,0,193.3,831935,2640300,Long Buildup,Short Buildup
2026-10-05 09:50,2026-10-06,16472235,2707510,6.35,0,43928430,23000,1261065,0,370,-31265,1632540,Long Buildup,Long Unwinding
2026-10-05 09:50,2026-10-06,10034375,558870,2.5,0,30818840,23200,97955,0,565.65,-35100,428740,Long Buildup,Long Unwinding
2026-10-05 09:50,2026-10-06,5903690,811005,1.45,0,13355810,23400,48490,0,761.85,-14105,537355,Short Buildup,Long Unwinding
2026-10-05 09:50,2026-10-06,4011540,-538785,1.05,0,9020570,23600,12610,0,970,-3705,157560,Long Unwinding,Long Unwinding
2026-10-05 09:50,2026-10-06,4005365,-169780,0.8,0,4840940,23800,6110,0,1165,-1950,101920,Long Unwinding,Long Unwinding
2026-10-05 09:50,2026-10-06,8499270,-2599740,0.7,0,15270775,24000,26780,0,1364,-19565,474435,Long Unwinding,Long Unwinding
2026-10-05 09:50,2026-10-06,2515110,-15340,0.5,0,1161485,24200,5655,0,1570,-1820,86970,Long Unwinding,Long Unwinding
2026-10-05 09:50,2026-10-06,1208090,-467220,0.5,0,1243255,24400,1235,0,1770,-1170,54015,Short Covering,Long Unwinding
2026-10-05 09:50,2026-10-06,807170,-411450,0.5,0,1202305,24600,260,0,1985,-65,17420,Long Unwinding,Long Unwinding
2026-10-05 09:50,2026-10-06,329810,-58500,0.4,0,250575,24800,65,0,2208.5,0,11245,Long Unwinding,N/A
2026-10-05 09:50,2026-10-06,1765465,-379145,0.35,0,1614340,25000,1755,0,2368,-1690,97695,Long Unwinding,Long Unwinding
2026-10-05 09:50,2026-10-06,281125,4940,0.3,0,131950,25200,520,0,2550,-520,520,Short Buildup,Long Unwinding
2026-10-05 09:50,2026-10-06,44330,1300,0.35,0,29510,25400,520,0,2800,-520,1560,Short Buildup,Long Unwinding
2026-10-05 09:50,2026-10-06,147550,7020,0.35,0,78910,25600,130,0,2443.05,-130,0,Short Buildup,Long Unwinding
2026-10-05 09:50,2026-10-06,611910,53365,0.35,0,494845,25800,8970,0,2733.5,0,10075,Short Buildup,N/A
2026-10-05 09:50,2026-10-06,0,0,0,0,0,26000,0,0,0,0,0,N/A,N/A
2026-10-05 09:50,2026-10-06,0,0,0,0,0,26200,0,0,0,0,0,N/A,N/A
2026-10-05 09:50,2026-10-06,0,0,0,0,0,26400,0,0,0,0,0,N/A,N/A
2026-10-05 09:50,2026-10-06,0,0,0,0,0,26600,0,0,0,0,0,N/A,N/A
2026-10-05 09:50,2026-10-06,0,0,0,0,0,26800,0,0,0,0,0,N/A,N/A
2026-10-05 09:50,2026-10-06,0,0,0,0,0,27000,0,0,0,0,0,N/A,N/A
2026-10-05 09:50,2026-10-06,0,0,0,0,0,27200,0,0,0,0,0,N/A,N/A
2026-10-05 09:50,2026-10-06,0,0,0,0,0,27400,0,0,0,0,0,N/A,N/A
2026-10-05 09:50,2026-10-06,0,0,0,0,0,27600,0,0,0,0,0,N/A,N/A
2026-10-05 09:50,2026-10-06,0,0,0,0,0,27800,0,0,0,0,0,N/A,N/A
2026-10-05 09:50,2026-10-06,0,0,0,0,0,28000,0,0,0,0,0,N/A,N/A
2026-10-05 09:50,2026-10-06,0,0,0,0,0,28200,0,0,0,0,0,N/A,N/A
2026-10-05 09:50,2026-10-06,0,0,0,0,0,28400,0,0,0,0,0,N/A,N/A
2026-10-05 09:50,2026-10-06,0,0,0,0,0,28600,0,0,0,0,0,N/A,N/A
2026-10-05 09:50,2026-10-06,0,0,0,0,0,28800,0,0,0,0,0,N/A,N/A
2026-10-05 09:50,2026-10-06,0,0,0,0,0,29000,0,0,0,0,0,N/A,N/A
2026-10-05 09:50,2026-10-06,0,0,0,0,0,29200,0,0,0,0,0,N/A,N/A
2026-10-05 09:55,2026-10-06,3965,65,1630,0,650,21000,13346450,0,1,-349895,5362435,Short Buildup,Long Unwinding
2026-10-05 09:55,2026-10-06,0,0,0,0,0,21200,9430070,0,1.25,250835,2216890,N/A,Short Buildup
2026-10-05 09:55,2026-10-06,1365,65,1071.95,0,1040,21400,11595740,0,1.55,51545,3238040,Short Buildup,Short Buildup
2026-10-05 09:55,2026-10-06,4810,-65,1010,0,455,21600,21831160,0,2,2021825,5075720,Long Unwinding,Short Buildup
2026-10-05 09:55,2026-10-06,39910,-1820,835.9,0,10790,21800,24487515,0,2.65,2399410,7917065,Long Unwinding,Short Buildup
2026-10-05 09:55,2026-10-06,678145,-97760,633.1,0,569855,22000,36177830,0,4.75,2814955,12873445,Long Unwinding,Short Buildup
2026-10-05 09:55,2026-10-06,711165,-129870,439.85,0,1030250,22200,33285135,0,10.3,2538250,9043580,Long Unwinding,Short Buildup
2026-10-05 09:55,2026-10-06,2776020,-787800,258.6,0,14396525,22400,54907515,0,28.3,8146190,12381850,Long Unwinding,Long Buildup
2026-10-05 09:55,2026-10-06,15811445,9722050,109.2,0,135768880,22600,85908030,0,79.85,16094065,18607225,Short Buildup,Long Buildup
2026-10-05 09:55,2026-10-06,12752545,3809455,28,0,60175310,22800,5217485,0,198.85,831350,2639715,Short Buildup,Long Buildup
2026-10-05 09:55,2026-10-06,16641040,2876315,5.9,0,47868990,23000,1375465,0,375.55,-47190,1616615,Short Buildup,Short Covering
2026-10-05 09:55,2026-10-06,10056540,581035,2.3,0,32029400,23200,101725,0,572.4,-36465,427375,Short Buildup,Short Covering
2026-10-05 09:55,2026-10-06,5781100,688415,1.4,0,14350505,23400,57460,0,769.2,-10010,541450,Short Buildup,Short Covering
2026-10-05 09:55,2026-10-06,4020055,-530270,1,0,9379955,23600,14365,0,973.25,-4095,157170,Long Unwinding,Short Covering
2026-10-05 09:55,2026-10-06,3845660,-329485,0.75,0,4909645,23800,6110,0,1165,-1950,101920,Long Unwinding,Long Unwinding
2026-10-05 09:55,2026-10-06,8572460,-2526550,0.75,0,15616380,24000,33475,0,1370.25,-25675,468325,Short Covering,Short Covering
2026-10-05 09:55,2026-10-06,2521805,-8645,0.5,0,1175005,24200,5655,0,1570,-1820,86970,Long Unwinding,Long Unwinding
2026-10-05 09:55,2026-10-06,1200940,-474370,0.45,0,1250600,24400,1365,0,1770,-1300,53885,Long Unwinding,Long Unwinding
2026-10-05 09:55,2026-10-06,791180,-427440,0.45,0,1371500,24600,260,0,1985,-65,17420,Long Unwinding,Long Unwinding
2026-10-05 09:55,2026-10-06,327860,-60450,0.4,0,307970,24800,65,0,2208.5,0,11245,Long Unwinding,N/A
2026-10-05 09:55,2026-10-06,1760005,-384605,0.3,0,1741870,25000,2015,0,2380,-1885,97500,Long Unwinding,Short Covering
2026-10-05 09:55,2026-10-06,281125,4940,0.3,0,132080,25200,520,0,2550,-520,520,Short Buildup,Long Unwinding
2026-10-05 09:55,2026-10-06,44330,1300,0.35,0,30420,25400,520,0,2800,-520,1560,Short Buildup,Long Unwinding
2026-10-05 09:55,2026-10-06,143975,3445,0.35,0,92755,25600,130,0,2443.05,-130,0,Short Buildup,Long Unwinding
2026-10-05 09:55,2026-10-06,634530,75985,0.4,0,553930,25800,8970,0,2733.5,0,10075,Long Buildup,N/A
2026-10-05 09:55,2026-10-06,0,0,0,0,0,26000,0,0,0,0,0,N/A,N/A
2026-10-05 09:55,2026-10-06,0,0,0,0,0,26200,0,0,0,0,0,N/A,N/A
2026-10-05 09:55,2026-10-06,0,0,0,0,0,26400,0,0,0,0,0,N/A,N/A
2026-10-05 09:55,2026-10-06,0,0,0,0,0,26600,0,0,0,0,0,N/A,N/A
2026-10-05 09:55,2026-10-06,0,0,0,0,0,26800,0,0,0,0,0,N/A,N/A
2026-10-05 09:55,2026-10-06,0,0,0,0,0,27000,0,0,0,0,0,N/A,N/A
2026-10-05 09:55,2026-10-06,0,0,0,0,0,27200,0,0,0,0,0,N/A,N/A
2026-10-05 09:55,2026-10-06,0,0,0,0,0,27400,0,0,0,0,0,N/A,N/A
2026-10-05 09:55,2026-10-06,0,0,0,0,0,27600,0,0,0,0,0,N/A,N/A
2026-10-05 09:55,2026-10-06,0,0,0,0,0,27800,0,0,0,0,0,N/A,N/A
2026-10-05 09:55,2026-10-06,0,0,0,0,0,28000,0,0,0,0,0,N/A,N/A
2026-10-05 09:55,2026-10-06,0,0,0,0,0,28200,0,0,0,0,0,N/A,N/A
2026-10-05 09:55,2026-10-06,0,0,0,0,0,28400,0,0,0,0,0,N/A,N/A
2026-10-05 09:55,2026-10-06,0,0,0,0,0,28600,0,0,0,0,0,N/A,N/A
2026-10-05 09:55,2026-10-06,0,0,0,0,0,28800,0,0,0,0,0,N/A,N/A
2026-10-05 09:55,2026-10-06,0,0,0,0,0,29000,0,0,0,0,0,N/A,N/A
2026-10-05 09:55,2026-10-06,0,0,0,0,0,29200,0,0,0,0,0,N/A,N/A
2026-10-05 10:00,2026-10-06,4030,130,1631.65,0,715,21000,13640640,0,0.95,-445055,5267275,Long Buildup,Long Unwinding
2026-10-05 10:00,2026-10-06,0,0,0,0,0,21200,10003630,0,1.15,214760,2180815,N/A,Short Buildup
2026-10-05 10:00,2026-10-06,1365,65,1071.95,0,1040,21400,11994775,0,1.5,-11700,3174795,Short Buildup,Long Unwinding
2026-10-05 10:00,2026-10-06,4810,-65,1010,0,455,21600,22431565,0,1.95,2039375,5093270,Long Unwinding,Short Buildup
2026-10-05 10:00,2026-10-06,39975,-1755,793.85,0,11960,21800,26620945,0,2.7,2878135,8395790,Long Unwinding,Long Buildup
2026-10-05 10:00,2026-10-06,662935,-112970,590.75,0,619515,22000,39918255,0,5.5,2953405,13011895,Long Unwinding,Long Buildup
2026-10-05 10:00,2026-10-06,701090,-139945,397.1,0,1103440,22200,35944350,0,13.6,2801370,9306700,Long Unwinding,Long Buildup
2026-10-05 10:00,2026-10-06,2747290,-816530,222.55,0,15420860,22400,61783865,0,38.25,8430175,12665835,Long Unwinding,Long Buildup
2026-10-05 10:00,2026-10-06,15797860,9708465,87.75,0,151487505,22600,105696955,0,102.85,15695485,18208645,Short Buildup,Long Buildup
2026-10-05 10:00,2026-10-06,12833600,3890510,21.2,0,67985255,22800,6338410,0,234.85,694460,2502825,Short Buildup,Long Buildup
2026-10-05 10:00,2026-10-06,16594045,2829320,4.9,0,51391015,23000,1572220,0,418,-130000,1533805,Short Buildup,Short Covering
2026-10-05 10:00,2026-10-06,10121995,646490,2.25,0,33421245,23200,108095,0,615.9,-37635,426205,Short Buildup,Short Covering
2026-10-05 10:00,2026-10-06,5719805,627120,1.45,0,15238600,23400,65195,0,800.9,-7475,543985,Long Buildup,Short Covering
2026-10-05 10:00,2026-10-06,4061460,-488865,1.05,0,10015135,23600,15340,0,1010,-4030,157235,Short Covering,Short Covering
2026-10-05 10:00,2026-10-06,3838575,-336570,0.75,0,5049720,23800,6305,0,1193.5,-2015,101855,Long Unwinding,Short Covering
2026-10-05 10:00,2026-10-06,8584550,-2514460,0.7,0,16863145,24000,36335,0,1415,-27820,466180,Long Unwinding,Short Covering
2026-10-05 10:00,2026-10-06,2337725,-192725,0.5,0,1837615,24200,5655,0,1570,-1820,86970,Long Unwinding,Long Unwinding
2026-10-05 10:00,2026-10-06,1076205,-599105,0.5,0,1492270,24400,1365,0,1770,-1300,53885,Short Covering,Long Unwinding
2026-10-05 10:00,2026-10-06,741520,-477100,0.5,0,1484340,24600,260,0,1985,-65,17420,Short Covering,Long Unwinding
2026-10-05 10:00,2026-10-06,331500,-56810,0.4,0,319930,24800,65,0,2208.5,0,11245,Long Unwinding,N/A
2026-10-05 10:00,2026-10-06,1767610,-377000,0.35,0,1802840,25000,2600,0,2410,-2470,96915,Short Covering,Short Covering
2026-10-05 10:00,2026-10-06,281125,4940,0.35,0,132210,25200,520,0,2550,-520,520,Long Buildup,Long Unwinding
2026-10-05 10:00,2026-10-06,44330,1300,0.35,0,31850,25400,520,0,2800,-520,1560,Short Buildup,Long Unwinding
2026-10-05 10:00,2026-10-06,144365,3835,0.4,0,94315,25600,130,0,2443.05,-130,0,Long Buildup,Long Unwinding
2026-10-05 10:00,2026-10-06,645905,87360,0.35,0,578760,25800,8970,0,2733.5,0,10075,Short Buildup,N/A
2026-10-05 10:00,2026-10-06,0,0,0,0,0,26000,0,0,0,0,0,N/A,N/A
2026-10-05 10:00,2026-10-06,0,0,0,0,0,26200,0,0,0,0,0,N/A,N/A
2026-10-05 10:00,2026-10-06,0,0,0,0,0,26400,0,0,0,0,0,N/A,N/A
2026-10-05 10:00,2026-10-06,0,0,0,0,0,26600,0,0,0,0,0,N/A,N/A
2026-10-05 10:00,2026-10-06,0,0,0,0,0,26800,0,0,0,0,0,N/A,N/A
2026-10-05 10:00,2026-10-06,0,0,0,0,0,27000,0,0,0,0,0,N/A,N/A
2026-10-05 10:00,2026-10-06,0,0,0,0,0,27200,0,0,0,0,0,N/A,N/A
2026-10-05 10:00,2026-10-06,0,0,0,0,0,27400,0,0,0,0,0,N/A,N/A
2026-10-05 10:00,2026-10-06,0,0,0,0,0,27600,0,0,0,0,0,N/A,N/A
2026-10-05 10:00,2026-10-06,0,0,0,0,0,27800,0,0,0,0,0,N/A,N/A
2026-10-05 10:00,2026-10-06,0,0,0,0,0,28000,0,0,0,0,0,N/A,N/A
2026-10-05 10:00,2026-10-06,0,0,0,0,0,28200,0,0,0,0,0,N/A,N/A
2026-10-05 10:00,2026-10-06,0,0,0,0,0,28400,0,0,0,0,0,N/A,N/A
2026-10-05 10:00,2026-10-06,0,0,0,0,0,28600,0,0,0,0,0,N/A,N/A
2026-10-05 10:00,2026-10-06,0,0,0,0,0,28800,0,0,0,0,0,N/A,N/A
2026-10-05 10:00,2026-10-06,0,0,0,0,0,29000,0,0,0,0,0,N/A,N/A
2026-10-05 10:00,2026-10-06,0,0,0,0,0,29200,0,0,0,0,0,N/A,N/A
2026-10-05 10:05,2026-10-06,4030,130,1631.65,0,715,21000,13954915,0,1,-541840,5170490,Short Buildup,Short Covering
2026-10-05 10:05,2026-10-06,0,0,0,0,0,21200,10542610,0,1.15,239460,2205515,N/A,Short Buildup
2026-10-05 10:05,2026-10-06,1365,65,1071.95,0,1040,21400,12384385,0,1.35,-10400,3176095,Short Buildup,Long Unwinding
2026-10-05 10:05,2026-10-06,4810,-65,1010,0,455,21600,24157900,0,1.85,2172820,5226715,Long Unwinding,Short Buildup
2026-10-05 10:05,2026-10-06,41145,-585,760,0,12285,21800,29080805,0,2.7,2713880,8231535,Long Unwinding,Short Buildup
2026-10-05 10:05,2026-10-06,650195,-125710,563.6,0,705510,22000,43357795,0,6.2,3176810,13235300,Long Unwinding,Long Buildup
2026-10-05 10:05,2026-10-06,700700,-140335,370.65,0,1209975,22200,39374465,0,16.4,2771275,9276605,Long Unwinding,Long Buildup
2026-10-05 10:05,2026-10-06,2750865,-812955,202.45,0,16308500,22400,69984135,0,45.3,8212035,12447695,Long Unwinding,Long Buildup
2026-10-05 10:05,2026-10-06,18292040,12202645,74.45,0,166179975,22600,125116355,0,121.15,13855400,16368560,Short Buildup,Long Buildup
2026-10-05 10:05,2026-10-06,13487435,4544345,17.8,0,73772855,22800,7306260,0,263.75,555295,2363660,Short Buildup,Long Buildup
2026-10-05 10:05,2026-10-06,16436030,2671305,4.45,0,53929070,23000,1747590,0,449.75,-193050,1470755,Short Buildup,Short Covering
2026-10-05 10:05,2026-10-06,9942530,467025,2.15,0,34157565,23200,114075,0,646.3,-40755,423085,Short Buildup,Short Covering
2026-10-05 10:05,2026-10-06,5564390,471705,1.4,0,15944955,23400,68120,0,832.6,-8320,543140,Short Buildup,Short Covering
2026-10-05 10:05,2026-10-06,4081350,-468975,1.05,0,10299315,23600,16055,0,1038.15,-4290,156975,Long Unwinding,Short Covering
2026-10-05 10:05,2026-10-06,3723070,-452075,0.8,0,5371275,23800,7085,0,1229.1,-2340,101530,Short Covering,Short Covering
2026-10-05 10:05,2026-10-06,8582730,-2516280,0.65,0,17440930,24000,39520,0,1440,-31200,462800,Long Unwinding,Short Covering
2026-10-05 10:05,2026-10-06,2336945,-193505,0.5,0,1846325,24200,5655,0,1570,-1820,86970,Long Unwinding,Long Unwinding
2026-10-05 10:05,2026-10-06,943930,-731380,0.5,0,1822405,24400,1365,0,1770,-1300,53885,Long Unwinding,Long Unwinding
2026-10-05 10:05,2026-10-06,515190,-703430,0.5,0,2029820,24600,260,0,1985,-65,17420,Long Unwinding,Long Unwinding
2026-10-05 10:05,2026-10-06,331500,-56810,0.4,0,328315,24800,65,0,2208.5,0,11245,Long Unwinding,N/A
2026-10-05 10:05,2026-10-06,1773135,-371475,0.3,0,1825200,25000,2665,0,2425,-2600,96785,Long Unwinding,Short Covering
2026-10-05 10:05,2026-10-06,281125,4940,0.35,0,132340,25200,520,0,2550,-520,520,Short Buildup,Long Unwinding
2026-10-05 10:05,2026-10-06,44330,1300,0.35,0,31850,25400,520,0,2800,-520,1560,Short Buildup,Long Unwinding
2026-10-05 10:05,2026-10-06,143000,2470,0.35,0,101855,25600,130,0,2443.05,-130,0,Short Buildup,Long Unwinding
2026-10-05 10:05,2026-10-06,645905,87360,0.35,0,584415,25800,8970,0,2733.5,0,10075,Short Buildup,N/A
2026-10-05 10:05,2026-10-06,0,0,0,0,0,26000,0,0,0,0,0,N/A,N/A
2026-10-05 10:05,2026-10-06,0,0,0,0,0,26200,0,0,0,0,0,N/A,N/A
2026-10-05 10:05,2026-10-06,0,0,0,0,0,26400,0,0,0,0,0,N/A,N/A
2026-10-05 10:05,2026-10-06,0,0,0,0,0,26600,0,0,0,0,0,N/A,N/A
2026-10-05 10:05,2026-10-06,0,0,0,0,0,26800,0,0,0,0,0,N/A,N/A
2026-10-05 10:05,2026-10-06,0,0,0,0,0,27000,0,0,0,0,0,N/A,N/A
2026-10-05 10:05,2026-10-06,0,0,0,0,0,27200,0,0,0,0,0,N/A,N/A
2026-10-05 10:05,2026-10-06,0,0,0,0,0,27400,0,0,0,0,0,N/A,N/A
2026-10-05 10:05,2026-10-06,0,0,0,0,0,27600,0,0,0,0,0,N/A,N/A
2026-10-05 10:05,2026-10-06,0,0,0,0,0,27800,0,0,0,0,0,N/A,N/A
2026-10-05 10:05,2026-10-06,0,0,0,0,0,28000,0,0,0,0,0,N/A,N/A
2026-10-05 10:05,2026-10-06,0,0,0,0,0,28200,0,0,0,0,0,N/A,N/A
2026-10-05 10:05,2026-10-06,0,0,0,0,0,28400,0,0,0,0,0,N/A,N/A
2026-10-05 10:05,2026-10-06,0,0,0,0,0,28600,0,0,0,0,0,N/A,N/A
2026-10-05 10:05,2026-10-06,0,0,0,0,0,28800,0,0,0,0,0,N/A,N/A
2026-10-05 10:05,2026-10-06,0,0,0,0,0,29000,0,0,0,0,0,N/A,N/A
2026-10-05 10:05,2026-10-06,0,0,0,0,0,29200,0,0,0,0,0,N/A,N/A
2026-10-05 10:10,2026-10-06,4030,130,1575,0,780,21000,14148160,0,0.95,-515905,5196425,Short Buildup,Long Unwinding
2026-10-05 10:10,2026-10-06,0,0,0,0,0,21200,10691915,0,1.15,294125,2260180,N/A,Short Buildup
2026-10-05 10:10,2026-10-06,1365,65,1071.95,0,1040,21400,13020865,0,1.35,-63115,3123380,Short Buildup,Long Unwinding
2026-10-05 10:10,2026-10-06,4810,-65,1010,0,455,21600,26015795,0,1.75,1514890,4568785,Long Unwinding,Short Buildup
2026-10-05 10:10,2026-10-06,41080,-650,779.65,0,12415,21800,31067400,0,2.45,2560545,8078200,Short Covering,Short Buildup
2026-10-05 10:10,2026-10-06,656240,-119665,584,0,732485,22000,46661875,0,5.35,3545555,13604045,Short Covering,Short Buildup
2026-10-05 10:10,2026-10-06,694200,-146835,392.35,0,1281410,22200,42838120,0,13.3,2697370,9202700,Short Covering,Short Buildup
2026-10-05 10:10,2026-10-06,2768935,-794885,217.25,0,17298580,22400,77659335,0,38.35,7884565,12120225,Short Covering,Short Buildup
2026-10-05 10:10,2026-10-06,19456645,13367250,83.4,0,178573135,22600,137108400,0,105.75,11569285,14082445,Long Buildup,Short Buildup
2026-10-05 10:10,2026-10-06,14150305,5207215,19.8,0,78793390,22800,7937475,0,242.45,429780,2238145,Long Buildup,Short Buildup
2026-10-05 10:10,2026-10-06,16552055,2787330,4.7,0,55932500,23000,1819675,0,426.1,-194675,1469130,Long Buildup,Long Unwinding
2026-10-05 10:10,2026-10-06,9870120,394615,2.15,0,35468030,23200,118040,0,623.15,-41535,422305,Short Buildup,Long Unwinding
2026-10-05 10:10,2026-10-06,5563675,470990,1.4,0,16985670,23400,68965,0,835.2,-7800,543660,Short Buildup,Short Covering
2026-10-05 10:10,2026-10-06,4157010,-393315,1.05,0,10746060,23600,16770,0,1020,-4680,156585,Long Unwinding,Long Unwinding
2026-10-05 10:10,2026-10-06,3655925,-519220,0.75,0,5469880,23800,8320,0,1215.5,-2535,101335,Long Unwinding,Long Unwinding
2026-10-05 10:10,2026-10-06,8577660,-2521350,0.7,0,17612725,24000,45630,0,1414,-35685,458315,Short Covering,Long Unwinding
2026-10-05 10:10,2026-10-06,2344290,-186160,0.55,0,1869205,24200,5720,0,1615,-1885,86905,Short Covering,Short Covering
2026-10-05 10:10,2026-10-06,909675,-765635,0.5,0,1855880,24400,1365,0,1770,-1300,53885,Long Unwinding,Long Unwinding
2026-10-05 10:10,2026-10-06,447525,-771095,0.45,0,2155725,24600,325,0,2038.75,-260,17225,Long Unwinding,Short Covering
2026-10-05 10:10,2026-10-06,327860,-60450,0.35,0,331825,24800,130,0,2219.05,-65,11180,Long Unwinding,Short Covering
2026-10-05 10:10,2026-10-06,1778075,-366535,0.35,0,1897350,25000,4485,0,2417.3,-4420,94965,Short Covering,Long Unwinding
2026-10-05 10:10,2026-10-06,281125,4940,0.3,0,133315,25200,520,0,2550,-520,520,Short Buildup,Long Unwinding
2026-10-05 10:10,2026-10-06,44330,1300,0.35,0,31850,25400,520,0,2800,-520,1560,Short Buildup,Long Unwinding
2026-10-05 10:10,2026-10-06,122590,-17940,0.35,0,124995,25600,130,0,2443.05,-130,0,Long Unwinding,Long Unwinding
2026-10-05 10:10,2026-10-06,645905,87360,0.35,0,591175,25800,8970,0,2733.5,0,10075,Short Buildup,N/A
2026-10-05 10:10,2026-10-06,0,0,0,0,0,26000,0,0,0,0,0,N/A,N/A
2026-10-05 10:10,2026-10-06,0,0,0,0,0,26200,0,0,0,0,0,N/A,N/A
2026-10-05 10:10,2026-10-06,0,0,0,0,0,26400,0,0,0,0,0,N/A,N/A
2026-10-05 10:10,2026-10-06,0,0,0,0,0,26600,0,0,0,0,0,N/A,N/A
2026-10-05 10:10,2026-10-06,0,0,0,0,0,26800,0,0,0,0,0,N/A,N/A
2026-10-05 10:10,2026-10-06,0,0,0,0,0,27000,0,0,0,0,0,N/A,N/A
2026-10-05 10:10,2026-10-06,0,0,0,0,0,27200,0,0,0,0,0,N/A,N/A
2026-10-05 10:10,2026-10-06,0,0,0,0,0,27400,0,0,0,0,0,N/A,N/A
2026-10-05 10:10,2026-10-06,0,0,0,0,0,27600,0,0,0,0,0,N/A,N/A
2026-10-05 10:10,2026-10-06,0,0,0,0,0,27800,0,0,0,0,0,N/A,N/A
2026-10-05 10:10,2026-10-06,0,0,0,0,0,28000,0,0,0,0,0,N/A,N/A
2026-10-05 10:10,2026-10-06,0,0,0,0,0,28200,0,0,0,0,0,N/A,N/A
2026-10-05 10:10,2026-10-06,0,0,0,0,0,28400,0,0,0,0,0,N/A,N/A
2026-10-05 10:10,2026-10-06,0,0,0,0,0,28600,0,0,0,0,0,N/A,N/A
2026-10-05 10:10,2026-10-06,0,0,0,0,0,28800,0,0,0,0,0,N/A,N/A
2026-10-05 10:10,2026-10-06,0,0,0,0,0,29000,0,0,0,0,0,N/A,N/A
2026-10-05 10:10,2026-10-06,0,0,0,0,0,29200,0,0,0,0,0,N/A,N/A
2026-10-05 10:15,2026-10-06,4030,130,1575,0,780,21000,14249495,0,0.95,-486005,5226325,Short Buildup,Long Unwinding
2026-10-05 10:15,2026-10-06,0,0,0,0,0,21200,11240320,0,1.25,447200,2413255,N/A,Long Buildup
2026-10-05 10:15,2026-10-06,1365,65,1071.95,0,1040,21400,13415285,0,1.45,-83265,3103230,Short Buildup,Short Covering
2026-10-05 10:15,2026-10-06,4810,-65,1010,0,455,21600,27548040,0,1.85,1349595,4403490,Long Unwinding,Long Buildup
2026-10-05 10:15,2026-10-06,41145,-585,760.3,0,12545,21800,32486610,0,2.7,2592135,8109790,Long Unwinding,Long Buildup
2026-10-05 10:15,2026-10-06,639275,-136630,563.5,0,764920,22000,48539855,0,5.9,3643120,13701610,Long Unwinding,Long Buildup
2026-10-05 10:15,2026-10-06,678210,-162825,372.45,0,1337700,22200,45033105,0,15.3,2790840,9296170,Long Unwinding,Long Buildup
2026-10-05 10:15,2026-10-06,2801110,-762710,201.6,0,17821700,22400,82838470,0,43.95,8322080,12557740,Long Unwinding,Long Buildup
2026-10-05 10:15,2026-10-06,19764355,13674960,74.7,0,187013450,22600,145429310,0,117.8,12282010,14795170,Short Buildup,Long Buildup
2026-10-05 10:15,2026-10-06,14239875,5296785,17.75,0,81786055,22800,8355230,0,260.4,463580,2271945,Short Buildup,Long Buildup
2026-10-05 10:15,2026-10-06,16692130,2927405,4.45,0,56988620,23000,1887860,0,447.45,-193960,1469845,Short Buildup,Short Covering
2026-10-05 10:15,2026-10-06,9886500,410995,2.15,0,36089690,23200,120835,0,639,-41340,422500,Short Buildup,Short Covering
2026-10-05 10:15,2026-10-06,5565105,472420,1.4,0,17163770,23400,69420,0,833.1,-7670,543790,Short Buildup,Long Unwinding
2026-10-05 10:15,2026-10-06,4146220,-404105,1,0,10786815,23600,17030,0,1023,-4745,156520,Long Unwinding,Short Covering
2026-10-05 10:15,2026-10-06,3625505,-549640,0.8,0,5509660,23800,8450,0,1227.3,-2600,101270,Short Covering,Short Covering
2026-10-05 10:15,2026-10-06,8555560,-2543450,0.65,0,17813250,24000,47840,0,1440.45,-36335,457665,Long Unwinding,Short Covering
2026-10-05 10:15,2026-10-06,2325050,-205400,0.55,0,1908075,24200,5915,0,1625,-1950,86840,Long Unwinding,Short Covering
2026-10-05 10:15,2026-10-06,902200,-773110,0.55,0,1866670,24400,1430,0,1840,-1365,53820,Short Covering,Short Covering
2026-10-05 10:15,2026-10-06,447525,-771095,0.45,0,2173860,24600,325,0,2038.75,-260,17225,Long Unwinding,Long Unwinding
2026-10-05 10:15,2026-10-06,328380,-59930,0.4,0,335205,24800,130,0,2219.05,-65,11180,Short Covering,Long Unwinding
2026-10-05 10:15,2026-10-06,1707875,-436735,0.35,0,2743520,25000,5525,0,2420,-5005,94380,Long Unwinding,Short Covering
2026-10-05 10:15,2026-10-06,281125,4940,0.3,0,133315,25200,520,0,2550,-520,520,Short Buildup,Long Unwinding
2026-10-05 10:15,2026-10-06,42055,-975,0.4,0,34385,25400,520,0,2800,-520,1560,Short Covering,Long Unwinding
2026-10-05 10:15,2026-10-06,122135,-18395,0.35,0,126035,25600,130,0,2443.05,-130,0,Long Unwinding,Long Unwinding
2026-10-05 10:15,2026-10-06,645905,87360,0.35,0,599430,25800,8970,0,2733.5,0,10075,Short Buildup,N/A
2026-10-05 10:15,2026-10-06,0,0,0,0,0,26000,0,0,0,0,0,N/A,N/A
2026-10-05 10:15,2026-10-06,0,0,0,0,0,26200,0,0,0,0,0,N/A,N/A
2026-10-05 10:15,2026-10-06,0,0,0,0,0,26400,0,0,0,0,0,N/A,N/A
2026-10-05 10:15,2026-10-06,0,0,0,0,0,26600,0,0,0,0,0,N/A,N/A
2026-10-05 10:15,2026-10-06,0,0,0,0,0,26800,0,0,0,0,0,N/A,N/A
2026-10-05 10:15,2026-10-06,0,0,0,0,0,27000,0,0,0,0,0,N/A,N/A
2026-10-05 10:15,2026-10-06,0,0,0,0,0,27200,0,0,0,0,0,N/A,N/A
2026-10-05 10:15,2026-10-06,0,0,0,0,0,27400,0,0,0,0,0,N/A,N/A
2026-10-05 10:15,2026-10-06,0,0,0,0,0,27600,0,0,0,0,0,N/A,N/A
2026-10-05 10:15,2026-10-06,0,0,0,0,0,27800,0,0,0,0,0,N/A,N/A
2026-10-05 10:15,2026-10-06,0,0,0,0,0,28000,0,0,0,0,0,N/A,N/A
2026-10-05 10:15,2026-10-06,0,0,0,0,0,28200,0,0,0,0,0,N/A,N/A
2026-10-05 10:15,2026-10-06,0,0,0,0,0,28400,0,0,0,0,0,N/A,N/A
2026-10-05 10:15,2026-10-06,0,0,0,0,0,28600,0,0,0,0,0,N/A,N/A
2026-10-05 10:15,2026-10-06,0,0,0,0,0,28800,0,0,0,0,0,N/A,N/A
2026-10-05 10:15,2026-10-06,0,0,0,0,0,29000,0,0,0,0,0,N/A,N/A
2026-10-05 10:15,2026-10-06,0,0,0,0,0,29200,0,0,0,0,0,N/A,N/A
2026-10-05 10:20,2026-10-06,4030,130,1570,0,1040,21000,14371045,0,0.95,-409305,5303025,Short Buildup,Long Unwinding
2026-10-05 10:20,2026-10-06,0,0,0,0,0,21200,11415235,0,1.15,516100,2482155,N/A,Short Buildup
2026-10-05 10:20,2026-10-06,1365,65,1071.95,0,1040,21400,13665275,0,1.35,-66430,3120065,Short Buildup,Long Unwinding
2026-10-05 10:20,2026-10-06,4875,0,979.15,0,715,21600,28259725,0,1.85,1366820,4420715,N/A,Short Buildup
2026-10-05 10:20,2026-10-06,41145,-585,760.3,0,12545,21800,33973355,0,2.55,2551120,8068775,Long Unwinding,Short Buildup
2026-10-05 10:20,2026-10-06,632450,-143455,576.2,0,782925,22000,50406655,0,5.45,3860545,13919035,Short Covering,Short Buildup
2026-10-05 10:20,2026-10-06,667550,-173485,385,0,1383785,22200,47147490,0,13.6,2789345,9294675,Short Covering,Short Buildup
2026-10-05 10:20,2026-10-06,2837445,-726375,209,0,18438615,22400,87779640,0,40.2,8091330,12326990,Short Covering,Short Buildup
2026-10-05 10:20,2026-10-06,20527910,14438515,79.55,0,194176710,22600,152315540,0,109.2,12068030,14581190,Long Buildup,Short Buildup
2026-10-05 10:20,2026-10-06,14522365,5579275,18.7,0,84342505,22800,8753225,0,250.15,485810,2294175,Long Buildup,Short Buildup
2026-10-05 10:20,2026-10-06,16669250,2904525,4.65,0,58162715,23000,1931540,0,435,-190385,1473420,Long Buildup,Long Unwinding
2026-10-05 10:20,2026-10-06,9976915,501410,2.2,0,36669360,23200,123110,0,634.9,-41600,422240,Long Buildup,Long Unwinding
2026-10-05 10:20,2026-10-06,5592340,499655,1.4,0,17269135,23400,69745,0,824.95,-7865,543595,Short Buildup,Long Unwinding
2026-10-05 10:20,2026-10-06,4132180,-418145,1,0,11008660,23600,17940,0,1023.3,-5525,155740,Long Unwinding,Short Covering
2026-10-05 10:20,2026-10-06,3619330,-555815,0.8,0,5587010,23800,9620,0,1225,-2860,101010,Long Unwinding,Long Unwinding
2026-10-05 10:20,2026-10-06,8519420,-2579590,0.7,0,18064930,24000,53235,0,1430.4,-40040,453960,Short Covering,Long Unwinding
2026-10-05 10:20,2026-10-06,2323035,-207415,0.5,0,1912235,24200,6110,0,1635,-2145,86645,Long Unwinding,Short Covering
2026-10-05 10:20,2026-10-06,895180,-780130,0.5,0,1873625,24400,1430,0,1840,-1365,53820,Long Unwinding,Long Unwinding
2026-10-05 10:20,2026-10-06,447590,-771030,0.45,0,2174510,24600,390,0,1992.95,-325,17160,Long Unwinding,Long Unwinding
2026-10-05 10:20,2026-10-06,308425,-79885,0.4,0,385775,24800,195,0,2241.45,-65,11180,Long Unwinding,Short Covering
2026-10-05 10:20,2026-10-06,1705080,-439530,0.3,0,2863575,25000,5590,0,2430,-5525,93860,Long Unwinding,Short Covering
2026-10-05 10:20,2026-10-06,281125,4940,0.3,0,135200,25200,520,0,2550,-520,520,Short Buildup,Long Unwinding
2026-10-05 10:20,2026-10-06,42055,-975,0.3,0,34450,25400,520,0,2800,-520,1560,Long Unwinding,Long Unwinding
2026-10-05 10:20,2026-10-06,122135,-18395,0.35,0,126360,25600,130,0,2443.05,-130,0,Long Unwinding,Long Unwinding
2026-10-05 10:20,2026-10-06,645905,87360,0.3,0,604305,25800,8970,0,2733.5,0,10075,Short Buildup,N/A
2026-10-05 10:20,2026-10-06,0,0,0,0,0,26000,0,0,0,0,0,N/A,N/A
2026-10-05 10:20,2026-10-06,0,0,0,0,0,26200,0,0,0,0,0,N/A,N/A
2026-10-05 10:20,2026-10-06,0,0,0,0,0,26400,0,0,0,0,0,N/A,N/A
2026-10-05 10:20,2026-10-06,0,0,0,0,0,26600,0,0,0,0,0,N/A,N/A
2026-10-05 10:20,2026-10-06,0,0,0,0,0,26800,0,0,0,0,0,N/A,N/A
2026-10-05 10:20,2026-10-06,0,0,0,0,0,27000,0,0,0,0,0,N/A,N/A
2026-10-05 10:20,2026-10-06,0,0,0,0,0,27200,0,0,0,0,0,N/A,N/A
2026-10-05 10:20,2026-10-06,0,0,0,0,0,27400,0,0,0,0,0,N/A,N/A
2026-10-05 10:20,2026-10-06,0,0,0,0,0,27600,0,0,0,0,0,N/A,N/A
2026-10-05 10:20,2026-10-06,0,0,0,0,0,27800,0,0,0,0,0,N/A,N/A
2026-10-05 10:20,2026-10-06,0,0,0,0,0,28000,0,0,0,0,0,N/A,N/A
2026-10-05 10:20,2026-10-06,0,0,0,0,0,28200,0,0,0,0,0,N/A,N/A
2026-10-05 10:20,2026-10-06,0,0,0,0,0,28400,0,0,0,0,0,N/A,N/A
2026-10-05 10:20,2026-10-06,0,0,0,0,0,28600,0,0,0,0,0,N/A,N/A
2026-10-05 10:20,2026-10-06,0,0,0,0,0,28800,0,0,0,0,0,N/A,N/A
2026-10-05 10:20,2026-10-06,0,0,0,0,0,29000,0,0,0,0,0,N/A,N/A
2026-10-05 10:20,2026-10-06,0,0,0,0,0,29200,0,0,0,0,0,N/A,N/A
2026-10-05 10:25,2026-10-06,4030,130,1570,0,1040,21000,14893710,0,0.9,-528255,5184075,Short Buildup,Long Unwinding
2026-10-05 10:25,2026-10-06,0,0,0,0,0,21200,11931920,0,1,440505,2406560,N/A,Short Buildup
2026-10-05 10:25,2026-10-06,1365,65,1071.95,0,1040,21400,14390025,0,1.25,-97955,3088540,Short Buildup,Long Unwinding
2026-10-05 10:25,2026-10-06,4875,0,979.15,0,715,21600,29555435,0,1.75,1248585,4302480,N/A,Short Buildup
2026-10-05 10:25,2026-10-06,41210,-520,758.7,0,13195,21800,37241165,0,2.85,2506660,8024315,Long Unwinding,Long Buildup
2026-10-05 10:25,2026-10-06,613795,-162110,521.65,0,844870,22000,55008915,0,7.35,3988855,14047345,Long Unwinding,Long Buildup
2026-10-05 10:25,2026-10-06,676000,-165035,336,0,1496430,22200,52688350,0,20.45,2947100,9452430,Long Unwinding,Long Buildup
2026-10-05 10:25,2026-10-06,3032315,-531505,173.6,0,19929195,22400,100911655,0,57.75,7982780,12218440,Long Unwinding,Long Buildup
2026-10-05 10:25,2026-10-06,20159880,14070485,61.25,0,209191645,22600,169126555,0,146,9944740,12457900,Short Buildup,Long Buildup
2026-10-05 10:25,2026-10-06,14131715,5188625,14.7,0,90871950,22800,9585810,0,298.25,306215,2114580,Short Buildup,Long Buildup
2026-10-05 10:25,2026-10-06,16615170,2850445,4.35,0,60471255,23000,2022670,0,487.25,-214175,1449630,Short Buildup,Short Covering
2026-10-05 10:25,2026-10-06,10043410,567905,2.3,0,37828765,23200,138645,0,687.15,-42315,421525,Long Buildup,Short Covering
2026-10-05 10:25,2026-10-06,5622435,529750,1.5,0,17777890,23400,71500,0,884,-8255,543205,Long Buildup,Short Covering
2026-10-05 10:25,2026-10-06,4158765,-391560,1.05,0,11785670,23600,18460,0,1077.3,-5850,155415,Short Covering,Short Covering
2026-10-05 10:25,2026-10-06,3563950,-611195,0.8,0,6180200,23800,9685,0,1247.55,-2860,101010,Long Unwinding,Short Covering
2026-10-05 10:25,2026-10-06,8477170,-2621840,0.7,0,18416060,24000,56550,0,1483.2,-43355,450645,Long Unwinding,Short Covering
2026-10-05 10:25,2026-10-06,2321345,-209105,0.5,0,1929330,24200,6110,0,1635,-2145,86645,Long Unwinding,Long Unwinding
2026-10-05 10:25,2026-10-06,878085,-797225,0.5,0,1891240,24400,1430,0,1840,-1365,53820,Long Unwinding,Long Unwinding
2026-10-05 10:25,2026-10-06,447590,-771030,0.45,0,2174510,24600,390,0,1992.95,-325,17160,Long Unwinding,Long Unwinding
2026-10-05 10:25,2026-10-06,308360,-79950,0.4,0,396500,24800,260,0,2242.9,-130,11115,Long Unwinding,Short Covering
2026-10-05 10:25,2026-10-06,1733745,-410865,0.35,0,2993380,25000,6890,0,2445,-5590,93795,Short Covering,Short Covering
2026-10-05 10:25,2026-10-06,281125,4940,0.35,0,136045,25200,520,0,2550,-520,520,Long Buildup,Long Unwinding
2026-10-05 10:25,2026-10-06,42055,-975,0.3,0,34450,25400,520,0,2800,-520,1560,Long Unwinding,Long Unwinding
2026-10-05 10:25,2026-10-06,121875,-18655,0.35,0,127790,25600,130,0,2443.05,-130,0,Long Unwinding,Long Unwinding
2026-10-05 10:25,2026-10-06,645905,87360,0.3,0,607230,25800,8970,0,2733.5,0,10075,Short Buildup,N/A
2026-10-05 10:25,2026-10-06,0,0,0,0,0,26000,0,0,0,0,0,N/A,N/A
2026-10-05 10:25,2026-10-06,0,0,0,0,0,26200,0,0,0,0,0,N/A,N/A
2026-10-05 10:25,2026-10-06,0,0,0,0,0,26400,0,0,0,0,0,N/A,N/A
2026-10-05 10:25,2026-10-06,0,0,0,0,0,26600,0,0,0,0,0,N/A,N/A
2026-10-05 10:25,2026-10-06,0,0,0,0,0,26800,0,0,0,0,0,N/A,N/A
2026-10-05 10:25,2026-10-06,0,0,0,0,0,27000,0,0,0,0,0,N/A,N/A
2026-10-05 10:25,2026-10-06,0,0,0,0,0,27200,0,0,0,0,0,N/A,N/A
2026-10-05 10:25,2026-10-06,0,0,0,0,0,27400,0,0,0,0,0,N/A,N/A
2026-10-05 10:25,2026-10-06,0,0,0,0,0,27600,0,0,0,0,0,N/A,N/A
2026-10-05 10:25,2026-10-06,0,0,0,0,0,27800,0,0,0,0,0,N/A,N/A
2026-10-05 10:25,2026-10-06,0,0,0,0,0,28000,0,0,0,0,0,N/A,N/A
2026-10-05 10:25,2026-10-06,0,0,0,0,0,28200,0,0,0,0,0,N/A,N/A
2026-10-05 10:25,2026-10-06,0,0,0,0,0,28400,0,0,0,0,0,N/A,N/A
2026-10-05 10:25,2026-10-06,0,0,0,0,0,28600,0,0,0,0,0,N/A,N/A
2026-10-05 10:25,2026-10-06,0,0,0,0,0,28800,0,0,0,0,0,N/A,N/A
2026-10-05 10:25,2026-10-06,0,0,0,0,0,29000,0,0,0,0,0,N/A,N/A
2026-10-05 10:25,2026-10-06,0,0,0,0,0,29200,0,0,0,0,0,N/A,N/A
2026-10-05 10:30,2026-10-06,4095,195,1502,0,1105,21000,16282305,0,0.9,-427050,5285280,Short Buildup,Long Unwinding
2026-10-05 10:30,2026-10-06,0,0,0,0,0,21200,12973155,0,1.05,129675,2095730,N/A,Long Buildup
2026-10-05 10:30,2026-10-06,1365,65,1071.95,0,1040,21400,16250520,0,1.25,-174135,3012360,Short Buildup,Long Unwinding
2026-10-05 10:30,2026-10-06,4875,0,979.15,0,715,21600,33143955,0,1.65,1148745,4202640,N/A,Short Buildup
2026-10-05 10:30,2026-10-06,40950,-780,700,0,13650,21800,44449795,0,2.45,2324270,7841925,Long Unwinding,Short Buildup
2026-10-05 10:30,2026-10-06,758680,-17225,545.05,0,1142960,22000,63137100,0,5.85,3834415,13892905,Short Covering,Short Buildup
2026-10-05 10:30,2026-10-06,666185,-174850,355.65,0,1678300,22200,62117315,0,16.15,2838810,9344140,Short Covering,Short Buildup
2026-10-05 10:30,2026-10-06,3346070,-217750,188.25,0,22557275,22400,117744705,0,47.85,7229170,11464830,Short Covering,Short Buildup
2026-10-05 10:30,2026-10-06,20639905,14550510,68.5,0,225147000,22600,181788035,0,128.25,7666685,10179845,Long Buildup,Short Buildup
2026-10-05 10:30,2026-10-06,13753805,4810715,16.25,0,97777485,22800,10308415,0,276.4,175045,1983410,Long Buildup,Short Buildup
2026-10-05 10:30,2026-10-06,16438565,2673840,4.45,0,63990030,23000,2166775,0,464.4,-229385,1434420,Long Buildup,Long Unwinding
2026-10-05 10:30,2026-10-06,10628345,1152840,2.2,0,40681615,23200,140725,0,658,-47385,416455,Short Buildup,Long Unwinding
2026-10-05 10:30,2026-10-06,5727020,634335,1.4,0,18674825,23400,77675,0,860.35,-7345,544115,Short Buildup,Long Unwinding
2026-10-05 10:30,2026-10-06,4194450,-355875,1,0,12230075,23600,18915,0,1058.05,-6110,155155,Long Unwinding,Long Unwinding
2026-10-05 10:30,2026-10-06,3583190,-591955,0.8,0,7307235,23800,9815,0,1264.4,-2925,100945,Long Unwinding,Short Covering
2026-10-05 10:30,2026-10-06,8352110,-2746900,0.65,0,19353880,24000,61880,0,1461,-46540,447460,Long Unwinding,Long Unwinding
2026-10-05 10:30,2026-10-06,2318095,-212355,0.55,0,1978145,24200,6110,0,1635,-2145,86645,Short Covering,Long Unwinding
2026-10-05 10:30,2026-10-06,867035,-808275,0.5,0,1911715,24400,1430,0,1840,-1365,53820,Long Unwinding,Long Unwinding
2026-10-05 10:30,2026-10-06,446745,-771875,0.45,0,2178735,24600,390,0,1992.95,-325,17160,Long Unwinding,Long Unwinding
2026-10-05 10:30,2026-10-06,309660,-78650,0.4,0,411840,24800,260,0,2242.9,-130,11115,Long Unwinding,Long Unwinding
2026-10-05 10:30,2026-10-06,1697540,-447070,0.3,0,3333330,25000,6890,0,2445,-5590,93795,Long Unwinding,Long Unwinding
2026-10-05 10:30,2026-10-06,281125,4940,0.35,0,136045,25200,520,0,2550,-520,520,Short Buildup,Long Unwinding
2026-10-05 10:30,2026-10-06,42055,-975,0.3,0,34450,25400,520,0,2800,-520,1560,Long Unwinding,Long Unwinding
2026-10-05 10:30,2026-10-06,120445,-20085,0.35,0,127920,25600,130,0,2443.05,-130,0,Long Unwinding,Long Unwinding
2026-10-05 10:30,2026-10-06,645905,87360,0.35,0,662740,25800,8970,0,2733.5,0,10075,Long Buildup,N/A
2026-10-05 10:30,2026-10-06,0,0,0,0,0,26000,0,0,0,0,0,N/A,N/A
2026-10-05 10:30,2026-10-06,0,0,0,0,0,26200,0,0,0,0,0,N/A,N/A
2026-10-05 10:30,2026-10-06,0,0,0,0,0,26400,0,0,0,0,0,N/A,N/A
2026-10-05 10:30,2026-10-06,0,0,0,0,0,26600,0,0,0,0,0,N/A,N/A
2026-10-05 10:30,2026-10-06,0,0,0,0,0,26800,0,0,0,0,0,N/A,N/A
2026-10-05 10:30,2026-10-06,0,0,0,0,0,27000,0,0,0,0,0,N/A,N/A
2026-10-05 10:30,2026-10-06,0,0,0,0,0,27200,0,0,0,0,0,N/A,N/A
2026-10-05 10:30,2026-10-06,0,0,0,0,0,27400,0,0,0,0,0,N/A,N/A
2026-10-05 10:30,2026-10-06,0,0,0,0,0,27600,0,0,0,0,0,N/A,N/A
2026-10-05 10:30,2026-10-06,0,0,0,0,0,27800,0,0,0,0,0,N/A,N/A
2026-10-05 10:30,2026-10-06,0,0,0,0,0,28000,0,0,0,0,0,N/A,N/A
2026-10-05 10:30,2026-10-06,0,0,0,0,0,28200,0,0,0,0,0,N/A,N/A
2026-10-05 10:30,2026-10-06,0,0,0,0,0,28400,0,0,0,0,0,N/A,N/A
2026-10-05 10:30,2026-10-06,0,0,0,0,0,28600,0,0,0,0,0,N/A,N/A
2026-10-05 10:30,2026-10-06,0,0,0,0,0,28800,0,0,0,0,0,N/A,N/A
2026-10-05 10:30,2026-10-06,0,0,0,0,0,29000,0,0,0,0,0,N/A,N/A
2026-10-05 10:30,2026-10-06,0,0,0,0,0,29200,0,0,0,0,0,N/A,N/A
2026-10-05 10:35,2026-10-06,4095,195,1502,0,1105,21000,16479320,0,0.9,-441675,5270655,Short Buildup,Long Unwinding
2026-10-05 10:35,2026-10-06,0,0,0,0,0,21200,13507260,0,1.05,83850,2049905,N/A,Short Buildup
2026-10-05 10:35,2026-10-06,1365,65,1071.95,0,1040,21400,16679065,0,1.25,-81835,3104660,Short Buildup,Long Unwinding
2026-10-05 10:35,2026-10-06,4875,0,979.15,0,715,21600,34081905,0,1.65,1137695,4191590,N/A,Short Buildup
2026-10-05 10:35,2026-10-06,40950,-780,753.9,0,13780,21800,47614515,0,2.55,2238275,7755930,Short Covering,Long Buildup
2026-10-05 10:35,2026-10-06,755235,-20670,546,0,1168375,22000,65955825,0,5.95,4147325,14205815,Short Covering,Long Buildup
2026-10-05 10:35,2026-10-06,662350,-178685,355.65,0,1778140,22200,65584350,0,16.55,3002090,9507420,Long Unwinding,Long Buildup
2026-10-05 10:35,2026-10-06,3288415,-275405,187.75,0,23809045,22400,125021065,0,48.1,7819890,12055550,Long Unwinding,Long Buildup
2026-10-05 10:35,2026-10-06,20706010,14616615,67.7,0,235131065,22600,187009745,0,127.8,7663825,10176985,Short Buildup,Short Buildup
2026-10-05 10:35,2026-10-06,13989690,5046600,16,0,101506015,22800,10616840,0,275.95,202995,2011360,Short Buildup,Short Buildup
2026-10-05 10:35,2026-10-06,16372785,2608060,4.45,0,65299650,23000,2231580,0,463.7,-245700,1418105,Short Buildup,Long Unwinding
2026-10-05 10:35,2026-10-06,10652785,1177280,2.25,0,42123380,23200,141830,0,656.1,-47190,416650,Long Buildup,Long Unwinding
2026-10-05 10:35,2026-10-06,5837520,744835,1.45,0,19262490,23400,77675,0,860.35,-7345,544115,Long Buildup,Long Unwinding
2026-10-05 10:35,2026-10-06,4203550,-346775,1,0,12472590,23600,19110,0,1045,-6305,154960,Long Unwinding,Long Unwinding
2026-10-05 10:35,2026-10-06,3645395,-529750,0.8,0,7585565,23800,9945,0,1245.1,-2860,101010,Long Unwinding,Long Unwinding
2026-10-05 10:35,2026-10-06,8315450,-2783560,0.7,0,19505265,24000,64610,0,1440,-46735,447265,Short Covering,Long Unwinding
2026-10-05 10:35,2026-10-06,2317575,-212875,0.55,0,1982760,24200,6110,0,1635,-2145,86645,Long Unwinding,Long Unwinding
2026-10-05 10:35,2026-10-06,866125,-809185,0.5,0,1913730,24400,1885,0,1845.6,-1365,53820,Long Unwinding,Short Covering
2026-10-05 10:35,2026-10-06,449475,-769145,0.45,0,2179060,24600,390,0,1992.95,-325,17160,Long Unwinding,Long Unwinding
2026-10-05 10:35,2026-10-06,309660,-78650,0.45,0,434460,24800,325,0,2242.15,-130,11115,Short Covering,Long Unwinding
2026-10-05 10:35,2026-10-06,1697215,-447395,0.3,0,3341000,25000,6890,0,2445,-5590,93795,Long Unwinding,Long Unwinding
2026-10-05 10:35,2026-10-06,281775,5590,0.3,0,163280,25200,520,0,2550,-520,520,Short Buildup,Long Unwinding
2026-10-05 10:35,2026-10-06,42055,-975,0.3,0,34450,25400,520,0,2800,-520,1560,Long Unwinding,Long Unwinding
2026-10-05 10:35,2026-10-06,120445,-20085,0.35,0,127920,25600,130,0,2443.05,-130,0,Long Unwinding,Long Unwinding
2026-10-05 10:35,2026-10-06,646620,88075,0.35,0,666900,25800,8970,0,2733.5,0,10075,Short Buildup,N/A
2026-10-05 10:35,2026-10-06,0,0,0,0,0,26000,0,0,0,0,0,N/A,N/A
2026-10-05 10:35,2026-10-06,0,0,0,0,0,26200,0,0,0,0,0,N/A,N/A
2026-10-05 10:35,2026-10-06,0,0,0,0,0,26400,0,0,0,0,0,N/A,N/A
2026-10-05 10:35,2026-10-06,0,0,0,0,0,26600,0,0,0,0,0,N/A,N/A
2026-10-05 10:35,2026-10-06,0,0,0,0,0,26800,0,0,0,0,0,N/A,N/A
2026-10-05 10:35,2026-10-06,0,0,0,0,0,27000,0,0,0,0,0,N/A,N/A
2026-10-05 10:35,2026-10-06,0,0,0,0,0,27200,0,0,0,0,0,N/A,N/A
2026-10-05 10:35,2026-10-06,0,0,0,0,0,27400,0,0,0,0,0,N/A,N/A
2026-10-05 10:35,2026-10-06,0,0,0,0,0,27600,0,0,0,0,0,N/A,N/A
2026-10-05 10:35,2026-10-06,0,0,0,0,0,27800,0,0,0,0,0,N/A,N/A
2026-10-05 10:35,2026-10-06,0,0,0,0,0,28000,0,0,0,0,0,N/A,N/A
2026-10-05 10:35,2026-10-06,0,0,0,0,0,28200,0,0,0,0,0,N/A,N/A
2026-10-05 10:35,2026-10-06,0,0,0,0,0,28400,0,0,0,0,0,N/A,N/A
2026-10-05 10:35,2026-10-06,0,0,0,0,0,28600,0,0,0,0,0,N/A,N/A
2026-10-05 10:35,2026-10-06,0,0,0,0,0,28800,0,0,0,0,0,N/A,N/A
2026-10-05 10:35,2026-10-06,0,0,0,0,0,29000,0,0,0,0,0,N/A,N/A
2026-10-05 10:35,2026-10-06,0,0,0,0,0,29200,0,0,0,0,0,N/A,N/A
2026-10-05 10:40,2026-10-06,4095,195,1502,0,1105,21000,16544515,0,0.9,-442325,5270005,Short Buildup,Long Unwinding
2026-10-05 10:40,2026-10-06,0,0,0,0,0,21200,14606475,0,1,371930,2337985,N/A,Short Buildup
2026-10-05 10:40,2026-10-06,1365,65,1071.95,0,1040,21400,18136625,0,1.35,-28340,3158155,Short Buildup,Short Covering
2026-10-05 10:40,2026-10-06,4875,0,979.15,0,715,21600,36383295,0,1.9,1588080,4641975,N/A,Long Buildup
2026-10-05 10:40,2026-10-06,40755,-975,717.95,0,14560,21800,51799605,0,2.8,2106910,7624565,Long Unwinding,Long Buildup
2026-10-05 10:40,2026-10-06,719355,-56550,523.2,0,1333605,22000,69792840,0,7.05,4141215,14199705,Long Unwinding,Long Buildup
2026-10-05 10:40,2026-10-06,672555,-168480,335.05,0,1938040,22200,71227325,0,20.25,2724150,9229480,Long Unwinding,Long Buildup
2026-10-05 10:40,2026-10-06,3492775,-71045,171.3,0,25298325,22400,138475220,0,57.25,7733960,11969620,Long Unwinding,Long Buildup
2026-10-05 10:40,2026-10-06,21065265,14975870,60,0,246052885,22600,196430390,0,146.7,7155915,9669075,Short Buildup,Long Buildup
2026-10-05 10:40,2026-10-06,14278875,5335785,14.25,0,105862835,22800,11056630,0,301.05,147420,1955785,Short Buildup,Long Buildup
2026-10-05 10:40,2026-10-06,16406455,2641730,4.05,0,67236520,23000,2334800,0,486.9,-266500,1397305,Short Buildup,Short Covering
2026-10-05 10:40,2026-10-06,10615150,1139645,2.05,0,43862845,23200,145470,0,686.5,-47775,416065,Short Buildup,Short Covering
2026-10-05 10:40,2026-10-06,5836935,744250,1.4,0,19818760,23400,84240,0,885.7,-2990,548470,Short Buildup,Short Covering
2026-10-05 10:40,2026-10-06,4191265,-359060,1.05,0,12607985,23600,19435,0,1095.8,-6565,154700,Short Covering,Short Covering
2026-10-05 10:40,2026-10-06,3651570,-523575,0.85,0,8250190,23800,10400,0,1299,-3250,100620,Short Covering,Short Covering
2026-10-05 10:40,2026-10-06,8257600,-2841410,0.7,0,19817265,24000,69160,0,1496.75,-51090,442910,Long Unwinding,Short Covering
2026-10-05 10:40,2026-10-06,2315820,-214630,0.5,0,1987700,24200,6110,0,1635,-2145,86645,Long Unwinding,Long Unwinding
2026-10-05 10:40,2026-10-06,865085,-810225,0.5,0,1914965,24400,2340,0,1877.75,-1040,54145,Long Unwinding,Short Covering
2026-10-05 10:40,2026-10-06,449085,-769535,0.45,0,2179580,24600,390,0,1992.95,-325,17160,Long Unwinding,Long Unwinding
2026-10-05 10:40,2026-10-06,309790,-78520,0.4,0,435240,24800,585,0,2280.65,-65,11180,Long Unwinding,Short Covering
2026-10-05 10:40,2026-10-06,1694745,-449865,0.35,0,3380260,25000,6890,0,2445,-5590,93795,Short Covering,Long Unwinding
2026-10-05 10:40,2026-10-06,281775,5590,0.3,0,163280,25200,520,0,2550,-520,520,Short Buildup,Long Unwinding
2026-10-05 10:40,2026-10-06,41990,-1040,0.3,0,35035,25400,520,0,2800,-520,1560,Long Unwinding,Long Unwinding
2026-10-05 10:40,2026-10-06,119275,-21255,0.4,0,129155,25600,130,0,2443.05,-130,0,Short Covering,Long Unwinding
2026-10-05 10:40,2026-10-06,643370,84825,0.3,0,674050,25800,8970,0,2733.5,0,10075,Short Buildup,N/A
2026-10-05 10:40,2026-10-06,0,0,0,0,0,26000,0,0,0,0,0,N/A,N/A
2026-10-05 10:40,2026-10-06,0,0,0,0,0,26200,0,0,0,0,0,N/A,N/A
2026-10-05 10:40,2026-10-06,0,0,0,0,0,26400,0,0,0,0,0,N/A,N/A
2026-10-05 10:40,2026-10-06,0,0,0,0,0,26600,0,0,0,0,0,N/A,N/A
2026-10-05 10:40,2026-10-06,0,0,0,0,0,26800,0,0,0,0,0,N/A,N/A
2026-10-05 10:40,2026-10-06,0,0,0,0,0,27000,0,0,0,0,0,N/A,N/A
2026-10-05 10:40,2026-10-06,0,0,0,0,0,27200,0,0,0,0,0,N/A,N/A
2026-10-05 10:40,2026-10-06,0,0,0,0,0,27400,0,0,0,0,0,N/A,N/A
2026-10-05 10:40,2026-10-06,0,0,0,0,0,27600,0,0,0,0,0,N/A,N/A
2026-10-05 10:40,2026-10-06,0,0,0,0,0,27800,0,0,0,0,0,N/A,N/A
2026-10-05 10:40,2026-10-06,0,0,0,0,0,28000,0,0,0,0,0,N/A,N/A
2026-10-05 10:40,2026-10-06,0,0,0,0,0,28200,0,0,0,0,0,N/A,N/A
2026-10-05 10:40,2026-10-06,0,0,0,0,0,28400,0,0,0,0,0,N/A,N/A
2026-10-05 10:40,2026-10-06,0,0,0,0,0,28600,0,0,0,0,0,N/A,N/A
2026-10-05 10:40,2026-10-06,0,0,0,0,0,28800,0,0,0,0,0,N/A,N/A
2026-10-05 10:40,2026-10-06,0,0,0,0,0,29000,0,0,0,0,0,N/A,N/A
2026-10-05 10:40,2026-10-06,0,0,0,0,0,29200,0,0,0,0,0,N/A,N/A
2026-10-05 10:45,2026-10-06,4095,195,1520.25,0,1170,21000,16687255,0,0.85,-439530,5272800,Long Buildup,Long Unwinding
2026-10-05 10:45,2026-10-06,0,0,0,0,0,21200,14807975,0,0.95,238030,2204085,N/A,Short Buildup
2026-10-05 10:45,2026-10-06,1365,65,1071.95,0,1040,21400,18351645,0,1.3,-44330,3142165,Short Buildup,Long Unwinding
2026-10-05 10:45,2026-10-06,4940,65,910.35,0,780,21600,37811540,0,1.85,1605305,4659200,Short Buildup,Short Buildup
2026-10-05 10:45,2026-10-06,40365,-1365,717.5,0,15080,21800,54714985,0,2.8,2068105,7585760,Long Unwinding,Short Buildup
2026-10-05 10:45,2026-10-06,708110,-67795,518.1,0,1379300,22000,72261995,0,7,4212000,14270490,Long Unwinding,Short Buildup
2026-10-05 10:45,2026-10-06,668655,-172380,332,0,2012985,22200,74737585,0,20.2,3081260,9586590,Long Unwinding,Short Buildup
2026-10-05 10:45,2026-10-06,3660930,97110,170.15,0,26473135,22400,145997215,0,58.55,7987135,12222795,Short Buildup,Long Buildup
2026-10-05 10:45,2026-10-06,22295260,16205865,60,0,252806450,22600,200774600,0,147.45,7022795,9535955,Short Buildup,Long Buildup
2026-10-05 10:45,2026-10-06,14504880,5561790,14.25,0,108381065,22800,11234925,0,302,149500,1957865,Short Buildup,Long Buildup
2026-10-05 10:45,2026-10-06,16165175,2400450,4.1,0,68400930,23000,2361320,0,491.55,-265785,1398020,Long Buildup,Short Covering
2026-10-05 10:45,2026-10-06,10800920,1325415,2.15,0,44623865,23200,147745,0,686.05,-47320,416520,Long Buildup,Long Unwinding
2026-10-05 10:45,2026-10-06,5906225,813540,1.4,0,20133685,23400,84695,0,884.85,-2990,548470,Short Buildup,Long Unwinding
2026-10-05 10:45,2026-10-06,4202835,-347490,1.05,0,12877865,23600,19760,0,1083.45,-6565,154700,Long Unwinding,Long Unwinding
2026-10-05 10:45,2026-10-06,3653780,-521365,0.8,0,8520525,23800,10725,0,1285,-3250,100620,Long Unwinding,Long Unwinding
2026-10-05 10:45,2026-10-06,8282560,-2816450,0.65,0,19901245,24000,71110,0,1485.9,-52260,441740,Long Unwinding,Long Unwinding
2026-10-05 10:45,2026-10-06,2339220,-191230,0.45,0,2287610,24200,6500,0,1690,-2600,86190,Long Unwinding,Short Covering
2026-10-05 10:45,2026-10-06,863915,-811395,0.5,0,1922765,24400,2340,0,1877.75,-1040,54145,Long Unwinding,Long Unwinding
2026-10-05 10:45,2026-10-06,449085,-769535,0.45,0,2180360,24600,390,0,1992.95,-325,17160,Long Unwinding,Long Unwinding
2026-10-05 10:45,2026-10-06,309790,-78520,0.4,0,435500,24800,585,0,2280.65,-65,11180,Long Unwinding,Long Unwinding
2026-10-05 10:45,2026-10-06,1701765,-442845,0.35,0,3386890,25000,8255,0,2491.1,-7150,92235,Long Unwinding,Short Covering
2026-10-05 10:45,2026-10-06,281775,5590,0.3,0,163280,25200,520,0,2550,-520,520,Short Buildup,Long Unwinding
2026-10-05 10:45,2026-10-06,41730,-1300,0.3,0,35100,25400,520,0,2800,-520,1560,Long Unwinding,Long Unwinding
2026-10-05 10:45,2026-10-06,119275,-21255,0.4,0,129155,25600,130,0,2443.05,-130,0,Long Unwinding,Long Unwinding
2026-10-05 10:45,2026-10-06,643370,84825,0.35,0,688285,25800,8970,0,2733.5,0,10075,Long Buildup,N/A
2026-10-05 10:45,2026-10-06,0,0,0,0,0,26000,0,0,0,0,0,N/A,N/A
2026-10-05 10:45,2026-10-06,0,0,0,0,0,26200,0,0,0,0,0,N/A,N/A
2026-10-05 10:45,2026-10-06,0,0,0,0,0,26400,0,0,0,0,0,N/A,N/A
2026-10-05 10:45,2026-10-06,0,0,0,0,0,26600,0,0,0,0,0,N/A,N/A
2026-10-05 10:45,2026-10-06,0,0,0,0,0,26800,0,0,0,0,0,N/A,N/A
2026-10-05 10:45,2026-10-06,0,0,0,0,0,27000,0,0,0,0,0,N/A,N/A
2026-10-05 10:45,2026-10-06,0,0,0,0,0,27200,0,0,0,0,0,N/A,N/A
2026-10-05 10:45,2026-10-06,0,0,0,0,0,27400,0,0,0,0,0,N/A,N/A
2026-10-05 10:45,2026-10-06,0,0,0,0,0,27600,0,0,0,0,0,N/A,N/A
2026-10-05 10:45,2026-10-06,0,0,0,0,0,27800,0,0,0,0,0,N/A,N/A
2026-10-05 10:45,2026-10-06,0,0,0,0,0,28000,0,0,0,0,0,N/A,N/A
2026-10-05 10:45,2026-10-06,0,0,0,0,0,28200,0,0,0,0,0,N/A,N/A
2026-10-05 10:45,2026-10-06,0,0,0,0,0,28400,0,0,0,0,0,N/A,N/A
2026-10-05 10:45,2026-10-06,0,0,0,0,0,28600,0,0,0,0,0,N/A,N/A
2026-10-05 10:45,2026-10-06,0,0,0,0,0,28800,0,0,0,0,0,N/A,N/A
2026-10-05 10:45,2026-10-06,0,0,0,0,0,29000,0,0,0,0,0,N/A,N/A
2026-10-05 10:45,2026-10-06,0,0,0,0,0,29200,0,0,0,0,0,N/A,N/A
2026-10-05 10:51,2026-10-06,4095,195,1520.25,0,1170,21000,16907085,0,0.8,-440375,5271955,Short Buildup,Long Unwinding
2026-10-05 10:51,2026-10-06,0,0,0,0,0,21200,15565485,0,0.95,227760,2193815,N/A,Short Buildup
2026-10-05 10:51,2026-10-06,1365,65,1071.95,0,1040,21400,18578105,0,1.3,-81835,3104660,Short Buildup,Long Unwinding
2026-10-05 10:51,2026-10-06,4875,0,918.65,0,845,21600,38787385,0,1.85,1594255,4648150,N/A,Short Buildup
2026-10-05 10:51,2026-10-06,40300,-1430,712.4,0,15730,21800,57496595,0,2.85,2104895,7622550,Long Unwinding,Long Buildup
2026-10-05 10:51,2026-10-06,712660,-63245,515.8,0,1403740,22000,74947600,0,7.1,4181645,14240135,Long Unwinding,Long Buildup
2026-10-05 10:51,2026-10-06,680810,-160225,329.85,0,2105480,22200,78407420,0,20.3,2869620,9374950,Long Unwinding,Long Buildup
2026-10-05 10:51,2026-10-06,3793985,230165,168.9,0,27427920,22400,153639460,0,58.25,8221005,12456665,Short Buildup,Short Buildup
2026-10-05 10:51,2026-10-06,22735180,16645785,59.45,0,258668020,22600,204852050,0,148.5,6653985,9167145,Short Buildup,Long Buildup
2026-10-05 10:51,2026-10-06,14529840,5586750,14.05,0,110753110,22800,11433305,0,303.4,143780,1952145,Short Buildup,Long Buildup
2026-10-05 10:51,2026-10-06,16091465,2326740,4.25,0,69661150,23000,2413970,0,494.9,-260520,1403285,Long Buildup,Short Covering
2026-10-05 10:51,2026-10-06,11324690,1849185,2.25,0,46090785,23200,150865,0,693,-48230,415610,Long Buildup,Short Covering
2026-10-05 10:51,2026-10-06,5906095,813410,1.35,0,20456280,23400,86645,0,889.15,-2405,549055,Short Buildup,Short Covering
2026-10-05 10:51,2026-10-06,4172415,-377910,1,0,13090480,23600,19760,0,1083.45,-6565,154700,Long Unwinding,Long Unwinding
2026-10-05 10:51,2026-10-06,3657420,-517725,0.8,0,8651955,23800,11115,0,1290,-3380,100490,Long Unwinding,Short Covering
2026-10-05 10:51,2026-10-06,8214635,-2884375,0.65,0,20542210,24000,72605,0,1490,-52715,441285,Long Unwinding,Short Covering
2026-10-05 10:51,2026-10-06,2309125,-221325,0.55,0,2435940,24200,6955,0,1686,-2990,85800,Short Covering,Long Unwinding
2026-10-05 10:51,2026-10-06,859170,-816140,0.5,0,1923285,24400,2470,0,1886,-1300,53885,Long Unwinding,Short Covering
2026-10-05 10:51,2026-10-06,449085,-769535,0.45,0,2180555,24600,390,0,1992.95,-325,17160,Long Unwinding,Long Unwinding
2026-10-05 10:51,2026-10-06,309790,-78520,0.4,0,435500,24800,585,0,2280.65,-65,11180,Long Unwinding,Long Unwinding
2026-10-05 10:51,2026-10-06,1699750,-444860,0.35,0,3443700,25000,8515,0,2492,-8125,91260,Long Unwinding,Short Covering
2026-10-05 10:51,2026-10-06,281775,5590,0.3,0,172055,25200,520,0,2550,-520,520,Short Buildup,Long Unwinding
2026-10-05 10:51,2026-10-06,41600,-1430,0.3,0,35230,25400,520,0,2800,-520,1560,Long Unwinding,Long Unwinding
2026-10-05 10:51,2026-10-06,119145,-21385,0.35,0,129805,25600,130,0,2443.05,-130,0,Long Unwinding,Long Unwinding
2026-10-05 10:51,2026-10-06,643175,84630,0.3,0,707265,25800,8970,0,2733.5,0,10075,Short Buildup,N/A
2026-10-05 10:51,2026-10-06,0,0,0,0,0,26000,0,0,0,0,0,N/A,N/A
2026-10-05 10:51,2026-10-06,0,0,0,0,0,26200,0,0,0,0,0,N/A,N/A
2026-10-05 10:51,2026-10-06,0,0,0,0,0,26400,0,0,0,0,0,N/A,N/A
2026-10-05 10:51,2026-10-06,0,0,0,0,0,26600,0,0,0,0,0,N/A,N/A
2026-10-05 10:51,2026-10-06,0,0,0,0,0,26800,0,0,0,0,0,N/A,N/A
2026-10-05 10:51,2026-10-06,0,0,0,0,0,27000,0,0,0,0,0,N/A,N/A
2026-10-05 10:51,2026-10-06,0,0,0,0,0,27200,0,0,0,0,0,N/A,N/A
2026-10-05 10:51,2026-10-06,0,0,0,0,0,27400,0,0,0,0,0,N/A,N/A
2026-10-05 10:51,2026-10-06,0,0,0,0,0,27600,0,0,0,0,0,N/A,N/A
2026-10-05 10:51,2026-10-06,0,0,0,0,0,27800,0,0,0,0,0,N/A,N/A
2026-10-05 10:51,2026-10-06,0,0,0,0,0,28000,0,0,0,0,0,N/A,N/A
2026-10-05 10:51,2026-10-06,0,0,0,0,0,28200,0,0,0,0,0,N/A,N/A
2026-10-05 10:51,2026-10-06,0,0,0,0,0,28400,0,0,0,0,0,N/A,N/A
2026-10-05 10:51,2026-10-06,0,0,0,0,0,28600,0,0,0,0,0,N/A,N/A
2026-10-05 10:51,2026-10-06,0,0,0,0,0,28800,0,0,0,0,0,N/A,N/A
2026-10-05 10:51,2026-10-06,0,0,0,0,0,29000,0,0,0,0,0,N/A,N/A
2026-10-05 10:51,2026-10-06,0,0,0,0,0,29200,0,0,0,0,0,N/A,N/A
2026-10-05 10:55,2026-10-06,4095,195,1520.25,0,1170,21000,16967795,0,0.85,-447265,5265065,Short Buildup,Short Covering
2026-10-05 10:55,2026-10-06,0,0,0,0,0,21200,15902965,0,0.95,125515,2091570,N/A,Short Buildup
2026-10-05 10:55,2026-10-06,1365,65,1071.95,0,1040,21400,19472830,0,1.4,139945,3326440,Short Buildup,Long Buildup
2026-10-05 10:55,2026-10-06,4875,0,918.65,0,845,21600,40246440,0,2,1737710,4791605,N/A,Long Buildup
2026-10-05 10:55,2026-10-06,41275,-455,690.4,0,21255,21800,60114080,0,3.15,2129075,7646730,Long Unwinding,Long Buildup
2026-10-05 10:55,2026-10-06,735865,-40040,502.15,0,1508260,22000,77269010,0,7.95,4238715,14297205,Long Unwinding,Long Buildup
2026-10-05 10:55,2026-10-06,690560,-150475,314.5,0,2189330,22200,81440320,0,23,2890485,9395815,Long Unwinding,Long Buildup
2026-10-05 10:55,2026-10-06,3814330,250510,157.1,0,28433665,22400,161481645,0,65.5,8284445,12520105,Short Buildup,Long Buildup
2026-10-05 10:55,2026-10-06,22581000,16491605,54.45,0,264234100,22600,209083290,0,159.3,6522620,9035780,Short Buildup,Long Buildup
2026-10-05 10:55,2026-10-06,14477710,5534620,12.8,0,113634235,22800,11591710,0,322,125905,1934270,Short Buildup,Long Buildup
2026-10-05 10:55,2026-10-06,16200080,2435355,4.1,0,70478135,23000,2438150,0,516.15,-258960,1404845,Short Buildup,Short Covering
2026-10-05 10:55,2026-10-06,11295570,1820065,2.2,0,47242000,23200,152620,0,715,-47840,416000,Short Buildup,Short Covering
2026-10-05 10:55,2026-10-06,5990985,898300,1.45,0,20949890,23400,92755,0,907.2,1365,552825,Long Buildup,Long Buildup
2026-10-05 10:55,2026-10-06,4139590,-410735,1.05,0,13657150,23600,20280,0,1100,-6890,154375,Short Covering,Short Covering
2026-10-05 10:55,2026-10-06,3685760,-489385,0.75,0,8776170,23800,11115,0,1290,-3380,100490,Long Unwinding,Long Unwinding
2026-10-05 10:55,2026-10-06,8210280,-2888730,0.65,0,20598760,24000,72735,0,1496,-53300,440700,Long Unwinding,Short Covering
2026-10-05 10:55,2026-10-06,2225860,-304590,0.5,0,2563470,24200,7085,0,1710,-3185,85605,Long Unwinding,Short Covering
2026-10-05 10:55,2026-10-06,858910,-816400,0.5,0,1923740,24400,2795,0,1897,-1365,53820,Long Unwinding,Short Covering
2026-10-05 10:55,2026-10-06,449085,-769535,0.45,0,2180555,24600,390,0,1992.95,-325,17160,Long Unwinding,Long Unwinding
2026-10-05 10:55,2026-10-06,309790,-78520,0.45,0,435565,24800,585,0,2280.65,-65,11180,Short Covering,Long Unwinding
2026-10-05 10:55,2026-10-06,1708850,-435760,0.35,0,3635125,25000,8580,0,2490,-8385,91000,Long Unwinding,Long Unwinding
2026-10-05 10:55,2026-10-06,281775,5590,0.3,0,172055,25200,520,0,2550,-520,520,Short Buildup,Long Unwinding
2026-10-05 10:55,2026-10-06,41600,-1430,0.3,0,35230,25400,520,0,2800,-520,1560,Long Unwinding,Long Unwinding
2026-10-05 10:55,2026-10-06,118625,-21905,0.35,0,130000,25600,130,0,2443.05,-130,0,Long Unwinding,Long Unwinding
2026-10-05 10:55,2026-10-06,643175,84630,0.35,0,708370,25800,8970,0,2733.5,0,10075,Long Buildup,N/A
2026-10-05 10:55,2026-10-06,0,0,0,0,0,26000,0,0,0,0,0,N/A,N/A
2026-10-05 10:55,2026-10-06,0,0,0,0,0,26200,0,0,0,0,0,N/A,N/A
2026-10-05 10:55,2026-10-06,0,0,0,0,0,26400,0,0,0,0,0,N/A,N/A
2026-10-05 10:55,2026-10-06,0,0,0,0,0,26600,0,0,0,0,0,N/A,N/A
2026-10-05 10:55,2026-10-06,0,0,0,0,0,26800,0,0,0,0,0,N/A,N/A
2026-10-05 10:55,2026-10-06,0,0,0,0,0,27000,0,0,0,0,0,N/A,N/A
2026-10-05 10:55,2026-10-06,0,0,0,0,0,27200,0,0,0,0,0,N/A,N/A
2026-10-05 10:55,2026-10-06,0,0,0,0,0,27400,0,0,0,0,0,N/A,N/A
2026-10-05 10:55,2026-10-06,0,0,0,0,0,27600,0,0,0,0,0,N/A,N/A
2026-10-05 10:55,2026-10-06,0,0,0,0,0,27800,0,0,0,0,0,N/A,N/A
2026-10-05 10:55,2026-10-06,0,0,0,0,0,28000,0,0,0,0,0,N/A,N/A
2026-10-05 10:55,2026-10-06,0,0,0,0,0,28200,0,0,0,0,0,N/A,N/A
2026-10-05 10:55,2026-10-06,0,0,0,0,0,28400,0,0,0,0,0,N/A,N/A
2026-10-05 10:55,2026-10-06,0,0,0,0,0,28600,0,0,0,0,0,N/A,N/A
2026-10-05 10:55,2026-10-06,0,0,0,0,0,28800,0,0,0,0,0,N/A,N/A
2026-10-05 10:55,2026-10-06,0,0,0,0,0,29000,0,0,0,0,0,N/A,N/A
2026-10-05 10:55,2026-10-06,0,0,0,0,0,29200,0,0,0,0,0,N/A,N/A
2026-10-05 11:01,2026-10-06,4160,260,1502,0,1235,21000,17143425,0,0.85,-486590,5225740,Short Buildup,Long Unwinding
2026-10-05 11:01,2026-10-06,0,0,0,0,0,21200,16274375,0,0.95,118105,2084160,N/A,Short Buildup
2026-10-05 11:01,2026-10-06,1365,65,1071.95,0,1040,21400,19669650,0,1.3,57785,3244280,Short Buildup,Short Buildup
2026-10-05 11:01,2026-10-06,4875,0,918.65,0,845,21600,41568670,0,1.75,1449305,4503200,N/A,Short Buildup
2026-10-05 11:01,2026-10-06,41210,-520,726,0,21905,21800,63441885,0,2.8,2049710,7567365,Short Covering,Short Buildup
2026-10-05 11:01,2026-10-06,781560,5655,523.95,0,1546415,22000,81080350,0,6.65,3952520,14011010,Long Buildup,Short Buildup
2026-10-05 11:01,2026-10-06,686075,-154960,342.25,0,2327845,22200,85812480,0,18.4,2555540,9060870,Short Covering,Short Buildup
2026-10-05 11:01,2026-10-06,3886220,322400,176.65,0,31079035,22400,171320305,0,53.45,8001435,12237095,Long Buildup,Short Buildup
2026-10-05 11:01,2026-10-06,22905740,16816345,62.95,0,275147795,22600,214163755,0,139.55,6110065,8623225,Long Buildup,Short Buildup
2026-10-05 11:01,2026-10-06,14732900,5789810,15.2,0,118153945,22800,11862110,0,291.6,132470,1940835,Long Buildup,Short Buildup
2026-10-05 11:01,2026-10-06,16569735,2805010,4.45,0,71883500,23000,2482220,0,478.9,-256165,1407640,Long Buildup,Long Unwinding
2026-10-05 11:01,2026-10-06,11120265,1644760,2.25,0,48084205,23200,154440,0,685.1,-47515,416325,Long Buildup,Long Unwinding
2026-10-05 11:01,2026-10-06,5975580,882895,1.5,0,21884590,23400,93080,0,875,1755,553215,Long Buildup,Short Buildup
2026-10-05 11:01,2026-10-06,4123795,-426530,1,0,14326325,23600,22100,0,1070.8,-7345,153920,Long Unwinding,Long Unwinding
2026-10-05 11:01,2026-10-06,3782480,-392665,0.75,0,9116185,23800,12935,0,1281.9,-4290,99580,Long Unwinding,Long Unwinding
2026-10-05 11:01,2026-10-06,8228220,-2870790,0.65,0,20702825,24000,73580,0,1480,-53625,440375,Long Unwinding,Long Unwinding
2026-10-05 11:01,2026-10-06,2225860,-304590,0.55,0,2574065,24200,8255,0,1675,-3640,85150,Short Covering,Long Unwinding
2026-10-05 11:01,2026-10-06,858000,-817310,0.5,0,1924520,24400,2860,0,1880,-1560,53625,Long Unwinding,Long Unwinding
2026-10-05 11:01,2026-10-06,449085,-769535,0.5,0,2189395,24600,390,0,1992.95,-325,17160,Short Covering,Long Unwinding
2026-10-05 11:01,2026-10-06,309790,-78520,0.45,0,440440,24800,585,0,2280.65,-65,11180,Long Unwinding,Long Unwinding
2026-10-05 11:01,2026-10-06,1752270,-392340,0.35,0,3731910,25000,15210,0,2485,-12740,86645,Long Unwinding,Long Unwinding
2026-10-05 11:01,2026-10-06,281775,5590,0.3,0,172055,25200,520,0,2550,-520,520,Short Buildup,Long Unwinding
2026-10-05 11:01,2026-10-06,41600,-1430,0.3,0,35230,25400,520,0,2800,-520,1560,Long Unwinding,Long Unwinding
2026-10-05 11:01,2026-10-06,118625,-21905,0.35,0,130000,25600,130,0,2443.05,-130,0,Long Unwinding,Long Unwinding
2026-10-05 11:01,2026-10-06,643175,84630,0.3,0,713830,25800,8970,0,2733.5,0,10075,Short Buildup,N/A
2026-10-05 11:01,2026-10-06,0,0,0,0,0,26000,0,0,0,0,0,N/A,N/A
2026-10-05 11:01,2026-10-06,0,0,0,0,0,26200,0,0,0,0,0,N/A,N/A
2026-10-05 11:01,2026-10-06,0,0,0,0,0,26400,0,0,0,0,0,N/A,N/A
2026-10-05 11:01,2026-10-06,0,0,0,0,0,26600,0,0,0,0,0,N/A,N/A
2026-10-05 11:01,2026-10-06,0,0,0,0,0,26800,0,0,0,0,0,N/A,N/A
2026-10-05 11:01,2026-10-06,0,0,0,0,0,27000,0,0,0,0,0,N/A,N/A
2026-10-05 11:01,2026-10-06,0,0,0,0,0,27200,0,0,0,0,0,N/A,N/A
2026-10-05 11:01,2026-10-06,0,0,0,0,0,27400,0,0,0,0,0,N/A,N/A
2026-10-05 11:01,2026-10-06,0,0,0,0,0,27600,0,0,0,0,0,N/A,N/A
2026-10-05 11:01,2026-10-06,0,0,0,0,0,27800,0,0,0,0,0,N/A,N/A
2026-10-05 11:01,2026-10-06,0,0,0,0,0,28000,0,0,0,0,0,N/A,N/A
2026-10-05 11:01,2026-10-06,0,0,0,0,0,28200,0,0,0,0,0,N/A,N/A
2026-10-05 11:01,2026-10-06,0,0,0,0,0,28400,0,0,0,0,0,N/A,N/A
2026-10-05 11:01,2026-10-06,0,0,0,0,0,28600,0,0,0,0,0,N/A,N/A
2026-10-05 11:01,2026-10-06,0,0,0,0,0,28800,0,0,0,0,0,N/A,N/A
2026-10-05 11:01,2026-10-06,0,0,0,0,0,29000,0,0,0,0,0,N/A,N/A
2026-10-05 11:01,2026-10-06,0,0,0,0,0,29200,0,0,0,0,0,N/A,N/A
2026-10-05 11:05,2026-10-06,4160,260,1502,0,1235,21000,17293510,0,0.8,-501020,5211310,Short Buildup,Long Unwinding
2026-10-05 11:05,2026-10-06,0,0,0,0,0,21200,16301415,0,0.95,119080,2085135,N/A,Short Buildup
2026-10-05 11:05,2026-10-06,1300,0,1106.65,0,65,21400,20224815,0,1.25,166075,3352570,N/A,Short Buildup
2026-10-05 11:05,2026-10-06,4875,0,918.65,0,845,21600,42700385,0,1.85,1724190,4778085,N/A,Long Buildup
2026-10-05 11:05,2026-10-06,40885,-845,725.95,0,29445,21800,65369655,0,2.9,2102620,7620275,Long Unwinding,Long Buildup
2026-10-05 11:05,2026-10-06,780390,4485,523.95,0,1554735,22000,82386070,0,6.85,3969095,14027585,Short Buildup,Long Buildup
2026-10-05 11:05,2026-10-06,683540,-157495,337.85,0,2357290,22200,87449180,0,18.8,2691195,9196525,Long Unwinding,Long Buildup
2026-10-05 11:05,2026-10-06,4028570,464750,174.2,0,31835700,22400,174571475,0,53.85,8376160,12611820,Short Buildup,Long Buildup
2026-10-05 11:05,2026-10-06,22549215,16459820,61.5,0,278631795,22600,215842640,0,140.7,6184490,8697650,Short Buildup,Long Buildup
2026-10-05 11:05,2026-10-06,14742780,5799690,14.7,0,119579980,22800,11953955,0,292.95,143195,1951560,Short Buildup,Long Buildup
2026-10-05 11:05,2026-10-06,16680885,2916160,4.3,0,72357025,23000,2494310,0,484.6,-259740,1404065,Short Buildup,Short Covering
2026-10-05 11:05,2026-10-06,11180650,1705145,2.2,0,48354800,23200,156650,0,685,-47710,416130,Short Buildup,Long Unwinding
2026-10-05 11:05,2026-10-06,5911555,818870,1.45,0,22090510,23400,93145,0,878.95,1625,553085,Short Buildup,Long Buildup
2026-10-05 11:05,2026-10-06,4142190,-408135,1,0,14371110,23600,22555,0,1085.4,-7800,153465,Long Unwinding,Short Covering
2026-10-05 11:05,2026-10-06,3781960,-393185,0.8,0,9153040,23800,13195,0,1278.7,-4485,99385,Short Covering,Long Unwinding
2026-10-05 11:05,2026-10-06,8250710,-2848300,0.7,0,20721805,24000,73840,0,1476.5,-53820,440180,Short Covering,Long Unwinding
2026-10-05 11:05,2026-10-06,2225860,-304590,0.55,0,2580955,24200,8320,0,1675,-4420,84370,Long Unwinding,Long Unwinding
2026-10-05 11:05,2026-10-06,857155,-818155,0.5,0,1925365,24400,2860,0,1880,-1560,53625,Long Unwinding,Long Unwinding
2026-10-05 11:05,2026-10-06,442390,-776230,0.45,0,2189525,24600,390,0,1992.95,-325,17160,Long Unwinding,Long Unwinding
2026-10-05 11:05,2026-10-06,309790,-78520,0.4,0,440765,24800,585,0,2280.65,-65,11180,Long Unwinding,Long Unwinding
2026-10-05 11:05,2026-10-06,1747005,-397605,0.35,0,3738345,25000,20995,0,2481,-19890,79495,Long Unwinding,Long Unwinding
2026-10-05 11:05,2026-10-06,281775,5590,0.3,0,172055,25200,520,0,2550,-520,520,Short Buildup,Long Unwinding
2026-10-05 11:05,2026-10-06,41600,-1430,0.3,0,35230,25400,520,0,2800,-520,1560,Long Unwinding,Long Unwinding
2026-10-05 11:05,2026-10-06,118495,-22035,0.4,0,130650,25600,130,0,2443.05,-130,0,Short Covering,Long Unwinding
2026-10-05 11:05,2026-10-06,643175,84630,0.35,0,726180,25800,8970,0,2733.5,0,10075,Long Buildup,N/A
2026-10-05 11:05,2026-10-06,0,0,0,0,0,26000,0,0,0,0,0,N/A,N/A
2026-10-05 11:05,2026-10-06,0,0,0,0,0,26200,0,0,0,0,0,N/A,N/A
2026-10-05 11:05,2026-10-06,0,0,0,0,0,26400,0,0,0,0,0,N/A,N/A
2026-10-05 11:05,2026-10-06,0,0,0,0,0,26600,0,0,0,0,0,N/A,N/A
2026-10-05 11:05,2026-10-06,0,0,0,0,0,26800,0,0,0,0,0,N/A,N/A
2026-10-05 11:05,2026-10-06,0,0,0,0,0,27000,0,0,0,0,0,N/A,N/A
2026-10-05 11:05,2026-10-06,0,0,0,0,0,27200,0,0,0,0,0,N/A,N/A
2026-10-05 11:05,2026-10-06,0,0,0,0,0,27400,0,0,0,0,0,N/A,N/A
2026-10-05 11:05,2026-10-06,0,0,0,0,0,27600,0,0,0,0,0,N/A,N/A
2026-10-05 11:05,2026-10-06,0,0,0,0,0,27800,0,0,0,0,0,N/A,N/A
2026-10-05 11:05,2026-10-06,0,0,0,0,0,28000,0,0,0,0,0,N/A,N/A
2026-10-05 11:05,2026-10-06,0,0,0,0,0,28200,0,0,0,0,0,N/A,N/A
2026-10-05 11:05,2026-10-06,0,0,0,0,0,28400,0,0,0,0,0,N/A,N/A
2026-10-05 11:05,2026-10-06,0,0,0,0,0,28600,0,0,0,0,0,N/A,N/A
2026-10-05 11:05,2026-10-06,0,0,0,0,0,28800,0,0,0,0,0,N/A,N/A
2026-10-05 11:05,2026-10-06,0,0,0,0,0,29000,0,0,0,0,0,N/A,N/A
2026-10-05 11:05,2026-10-06,0,0,0,0,0,29200,0,0,0,0,0,N/A,N/A
2026-10-05 11:10,2026-10-06,4160,260,1502,0,1235,21000,17338685,0,0.8,-512330,5200000,Short Buildup,Long Unwinding
2026-10-05 11:10,2026-10-06,0,0,0,0,0,21200,16352830,0,0.95,119925,2085980,N/A,Short Buildup
2026-10-05 11:10,2026-10-06,1300,0,1106.65,0,65,21400,21182915,0,1.35,270790,3457285,N/A,Long Buildup
2026-10-05 11:10,2026-10-06,4875,0,918.65,0,845,21600,44064670,0,1.95,1855035,4908930,N/A,Long Buildup
2026-10-05 11:10,2026-10-06,38480,-3250,719.55,0,30940,21800,67055040,0,3.05,2192710,7710365,Long Unwinding,Long Buildup
2026-10-05 11:10,2026-10-06,782405,6500,527.45,0,1564420,22000,84040710,0,6.8,4014660,14073150,Long Buildup,Short Buildup
2026-10-05 11:10,2026-10-06,679120,-161915,339.9,0,2395575,22200,89545105,0,18.25,2847130,9352460,Short Covering,Short Buildup
2026-10-05 11:10,2026-10-06,4073160,509340,175.45,0,32855550,22400,179516090,0,52.65,8839350,13075010,Long Buildup,Short Buildup
2026-10-05 11:10,2026-10-06,22470630,16381235,61.85,0,282715095,22600,218556845,0,138.75,6409845,8923005,Long Buildup,Short Buildup
2026-10-05 11:10,2026-10-06,14755260,5812170,14.5,0,121055415,22800,12069525,0,292.2,142220,1950585,Short Buildup,Short Buildup
2026-10-05 11:10,2026-10-06,16668470,2903745,4.2,0,72870980,23000,2510170,0,482.8,-260065,1403740,Short Buildup,Long Unwinding
2026-10-05 11:10,2026-10-06,11207950,1732445,2.2,0,48501505,23200,157560,0,687.6,-47775,416065,Short Buildup,Short Covering
2026-10-05 11:10,2026-10-06,5924360,831675,1.45,0,22217845,23400,93145,0,878.95,1625,553085,Short Buildup,Short Buildup
2026-10-05 11:10,2026-10-06,4173650,-376675,1.05,0,14481285,23600,22880,0,1081.6,-7800,153465,Short Covering,Long Unwinding
2026-10-05 11:10,2026-10-06,3807440,-367705,0.8,0,9246120,23800,13520,0,1285.4,-5265,98605,Long Unwinding,Short Covering
2026-10-05 11:10,2026-10-06,8251295,-2847715,0.7,0,20799350,24000,73840,0,1476.5,-53820,440180,Long Unwinding,Long Unwinding
2026-10-05 11:10,2026-10-06,2225860,-304590,0.5,0,2584400,24200,8580,0,1684.55,-4680,84110,Long Unwinding,Short Covering
2026-10-05 11:10,2026-10-06,853710,-821600,0.5,0,1932515,24400,2860,0,1880,-1560,53625,Long Unwinding,Long Unwinding
2026-10-05 11:10,2026-10-06,442390,-776230,0.5,0,2189590,24600,520,0,2080,-260,17225,Short Covering,Short Covering
2026-10-05 11:10,2026-10-06,309790,-78520,0.4,0,440765,24800,650,0,2282,-130,11115,Long Unwinding,Short Covering
2026-10-05 11:10,2026-10-06,1743755,-400855,0.3,0,3742700,25000,21255,0,2485,-19955,79430,Long Unwinding,Short Covering
2026-10-05 11:10,2026-10-06,280540,4355,0.35,0,172120,25200,520,0,2550,-520,520,Long Buildup,Long Unwinding
2026-10-05 11:10,2026-10-06,41600,-1430,0.3,0,35230,25400,520,0,2800,-520,1560,Long Unwinding,Long Unwinding
2026-10-05 11:10,2026-10-06,118495,-22035,0.4,0,130975,25600,130,0,2443.05,-130,0,Long Unwinding,Long Unwinding
2026-10-05 11:10,2026-10-06,650455,91910,0.3,0,766090,25800,8970,0,2733.5,0,10075,Short Buildup,N/A
2026-10-05 11:10,2026-10-06,0,0,0,0,0,26000,0,0,0,0,0,N/A,N/A
2026-10-05 11:10,2026-10-06,0,0,0,0,0,26200,0,0,0,0,0,N/A,N/A
2026-10-05 11:10,2026-10-06,0,0,0,0,0,26400,0,0,0,0,0,N/A,N/A
2026-10-05 11:10,2026-10-06,0,0,0,0,0,26600,0,0,0,0,0,N/A,N/A
2026-10-05 11:10,2026-10-06,0,0,0,0,0,26800,0,0,0,0,0,N/A,N/A
2026-10-05 11:10,2026-10-06,0,0,0,0,0,27000,0,0,0,0,0,N/A,N/A
2026-10-05 11:10,2026-10-06,0,0,0,0,0,27200,0,0,0,0,0,N/A,N/A
2026-10-05 11:10,2026-10-06,0,0,0,0,0,27400,0,0,0,0,0,N/A,N/A
2026-10-05 11:10,2026-10-06,0,0,0,0,0,27600,0,0,0,0,0,N/A,N/A
2026-10-05 11:10,2026-10-06,0,0,0,0,0,27800,0,0,0,0,0,N/A,N/A
2026-10-05 11:10,2026-10-06,0,0,0,0,0,28000,0,0,0,0,0,N/A,N/A
2026-10-05 11:10,2026-10-06,0,0,0,0,0,28200,0,0,0,0,0,N/A,N/A
2026-10-05 11:10,2026-10-06,0,0,0,0,0,28400,0,0,0,0,0,N/A,N/A
2026-10-05 11:10,2026-10-06,0,0,0,0,0,28600,0,0,0,0,0,N/A,N/A
2026-10-05 11:10,2026-10-06,0,0,0,0,0,28800,0,0,0,0,0,N/A,N/A
2026-10-05 11:10,2026-10-06,0,0,0,0,0,29000,0,0,0,0,0,N/A,N/A
2026-10-05 11:10,2026-10-06,0,0,0,0,0,29200,0,0,0,0,0,N/A,N/A
2026-10-05 11:15,2026-10-06,4225,325,1515.9,0,1300,21000,17603365,0,0.8,-572520,5139810,Long Buildup,Long Unwinding
2026-10-05 11:15,2026-10-06,0,0,0,0,0,21200,16378115,0,0.95,107120,2073175,N/A,Short Buildup
2026-10-05 11:15,2026-10-06,1300,0,1134.5,0,195,21400,21334430,0,1.35,266110,3452605,N/A,Short Buildup
2026-10-05 11:15,2026-10-06,4875,0,918.65,0,845,21600,44808530,0,2,1973075,5026970,N/A,Long Buildup
2026-10-05 11:15,2026-10-06,38415,-3315,724.3,0,31265,21800,68155100,0,3.05,2223455,7741110,Short Covering,Short Buildup
2026-10-05 11:15,2026-10-06,782275,6370,517.7,0,1608035,22000,85708805,0,7.05,4131790,14190280,Short Buildup,Long Buildup
2026-10-05 11:15,2026-10-06,680680,-160355,335.35,0,2432755,22200,91598975,0,18.9,2952560,9457890,Long Unwinding,Long Buildup
2026-10-05 11:15,2026-10-06,4152915,589095,171.25,0,33857005,22400,184703155,0,54.5,8776755,13012415,Short Buildup,Long Buildup
2026-10-05 11:15,2026-10-06,22391070,16301675,59.4,0,287213355,22600,221393770,0,142.7,6404125,8917285,Short Buildup,Long Buildup
2026-10-05 11:15,2026-10-06,14790750,5847660,13.75,0,123025045,22800,12206090,0,297,141310,1949675,Short Buildup,Long Buildup
2026-10-05 11:15,2026-10-06,16740165,2975440,4.05,0,73778055,23000,2547155,0,490.5,-283725,1380080,Short Buildup,Short Covering
2026-10-05 11:15,2026-10-06,11257675,1782170,2.1,0,48757605,23200,159900,0,690.95,-47905,415935,Short Buildup,Short Covering
2026-10-05 11:15,2026-10-06,5951985,859300,1.4,0,22412260,23400,93340,0,879.6,1560,553020,Short Buildup,Long Buildup
2026-10-05 11:15,2026-10-06,4188730,-361595,1,0,14542060,23600,23010,0,1089.7,-8060,153205,Long Unwinding,Short Covering
2026-10-05 11:15,2026-10-06,3845270,-329875,0.8,0,9395360,23800,13650,0,1280.35,-5460,98410,Long Unwinding,Long Unwinding
2026-10-05 11:15,2026-10-06,8158085,-2940925,0.65,0,21284705,24000,82160,0,1483.25,-53950,440050,Long Unwinding,Short Covering
2026-10-05 11:15,2026-10-06,2222740,-307710,0.5,0,2639650,24200,8580,0,1684.55,-4680,84110,Long Unwinding,Long Unwinding
2026-10-05 11:15,2026-10-06,848510,-826800,0.5,0,1938170,24400,2860,0,1880,-1560,53625,Long Unwinding,Long Unwinding
2026-10-05 11:15,2026-10-06,442390,-776230,0.5,0,2189590,24600,520,0,2080,-260,17225,Long Unwinding,Long Unwinding
2026-10-05 11:15,2026-10-06,309790,-78520,0.45,0,440960,24800,780,0,2297.9,-195,11050,Short Covering,Short Covering
2026-10-05 11:15,2026-10-06,1736020,-408590,0.3,0,3750955,25000,22945,0,2485,-21125,78260,Long Unwinding,Long Unwinding
2026-10-05 11:15,2026-10-06,280540,4355,0.35,0,172120,25200,520,0,2550,-520,520,Short Buildup,Long Unwinding
2026-10-05 11:15,2026-10-06,41600,-1430,0.3,0,35230,25400,520,0,2800,-520,1560,Long Unwinding,Long Unwinding
2026-10-05 11:15,2026-10-06,116740,-23790,0.4,0,133120,25600,130,0,2443.05,-130,0,Long Unwinding,Long Unwinding
2026-10-05 11:15,2026-10-06,650520,91975,0.35,0,772265,25800,8970,0,2733.5,0,10075,Long Buildup,N/A
2026-10-05 11:15,2026-10-06,0,0,0,0,0,26000,0,0,0,0,0,N/A,N/A
2026-10-05 11:15,2026-10-06,0,0,0,0,0,26200,0,0,0,0,0,N/A,N/A
2026-10-05 11:15,2026-10-06,0,0,0,0,0,26400,0,0,0,0,0,N/A,N/A
2026-10-05 11:15,2026-10-06,0,0,0,0,0,26600,0,0,0,0,0,N/A,N/A
2026-10-05 11:15,2026-10-06,0,0,0,0,0,26800,0,0,0,0,0,N/A,N/A
2026-10-05 11:15,2026-10-06,0,0,0,0,0,27000,0,0,0,0,0,N/A,N/A
2026-10-05 11:15,2026-10-06,0,0,0,0,0,27200,0,0,0,0,0,N/A,N/A
2026-10-05 11:15,2026-10-06,0,0,0,0,0,27400,0,0,0,0,0,N/A,N/A
2026-10-05 11:15,2026-10-06,0,0,0,0,0,27600,0,0,0,0,0,N/A,N/A
2026-10-05 11:15,2026-10-06,0,0,0,0,0,27800,0,0,0,0,0,N/A,N/A
2026-10-05 11:15,2026-10-06,0,0,0,0,0,28000,0,0,0,0,0,N/A,N/A
2026-10-05 11:15,2026-10-06,0,0,0,0,0,28200,0,0,0,0,0,N/A,N/A
2026-10-05 11:15,2026-10-06,0,0,0,0,0,28400,0,0,0,0,0,N/A,N/A
2026-10-05 11:15,2026-10-06,0,0,0,0,0,28600,0,0,0,0,0,N/A,N/A
2026-10-05 11:15,2026-10-06,0,0,0,0,0,28800,0,0,0,0,0,N/A,N/A
2026-10-05 11:15,2026-10-06,0,0,0,0,0,29000,0,0,0,0,0,N/A,N/A
2026-10-05 11:15,2026-10-06,0,0,0,0,0,29200,0,0,0,0,0,N/A,N/A
2026-10-05 11:20,2026-10-06,4225,325,1515.9,0,1300,21000,17639180,0,0.85,-566670,5145660,Short Buildup,Short Covering
2026-10-05 11:20,2026-10-06,0,0,0,0,0,21200,16453320,0,1,73450,2039505,N/A,Long Buildup
2026-10-05 11:20,2026-10-06,1300,0,1134.5,0,195,21400,21565570,0,1.35,257400,3443895,N/A,Short Buildup
2026-10-05 11:20,2026-10-06,4875,0,918.65,0,845,21600,46156565,0,2,2061020,5114915,N/A,Short Buildup
2026-10-05 11:20,2026-10-06,38415,-3315,714.4,0,31655,21800,69344080,0,3,2311205,7828860,Long Unwinding,Short Buildup
2026-10-05 11:20,2026-10-06,753805,-22100,524,0,1663935,22000,87829950,0,6.7,4139980,14198470,Short Covering,Short Buildup
2026-10-05 11:20,2026-10-06,679185,-161850,339,0,2515760,22200,95100785,0,18.25,3105245,9610575,Short Covering,Short Buildup
2026-10-05 11:20,2026-10-06,4032925,469105,172.95,0,35787245,22400,193749270,0,52.65,8937630,13173290,Long Buildup,Short Buildup
2026-10-05 11:20,2026-10-06,22242480,16153085,60.4,0,294609575,22600,226180955,0,139.8,6309615,8822775,Long Buildup,Short Buildup
2026-10-05 11:20,2026-10-06,14678885,5735795,13.9,0,126386520,22800,12408955,0,293.45,158535,1966900,Long Buildup,Short Buildup
2026-10-05 11:20,2026-10-06,16854305,3089580,4.05,0,75298730,23000,2575690,0,485,-292240,1371565,Short Buildup,Long Unwinding
2026-10-05 11:20,2026-10-06,11188190,1712685,2.05,0,49182055,23200,161590,0,683,-48425,415415,Short Buildup,Long Unwinding
2026-10-05 11:20,2026-10-06,5969145,876460,1.35,0,22609860,23400,93990,0,890.4,1365,552825,Short Buildup,Long Buildup
2026-10-05 11:20,2026-10-06,4174235,-376090,0.95,0,14626430,23600,23400,0,1089,-8320,152945,Long Unwinding,Long Unwinding
2026-10-05 11:20,2026-10-06,3796650,-378495,0.75,0,9922965,23800,14170,0,1281.15,-5850,98020,Long Unwinding,Short Covering
2026-10-05 11:20,2026-10-06,8280870,-2818140,0.6,0,21548930,24000,83135,0,1483.25,-62075,431925,Long Unwinding,Long Unwinding
2026-10-05 11:20,2026-10-06,2234570,-295880,0.5,0,2680535,24200,8710,0,1684.55,-4680,84110,Long Unwinding,Long Unwinding
2026-10-05 11:20,2026-10-06,848575,-826735,0.5,0,1939730,24400,2860,0,1880,-1560,53625,Long Unwinding,Long Unwinding
2026-10-05 11:20,2026-10-06,443625,-774995,0.45,0,2191475,24600,520,0,2080,-260,17225,Long Unwinding,Long Unwinding
2026-10-05 11:20,2026-10-06,311090,-77220,0.4,0,443625,24800,780,0,2297.9,-195,11050,Long Unwinding,Long Unwinding
2026-10-05 11:20,2026-10-06,1689805,-454805,0.35,0,3906175,25000,24050,0,2500,-21645,77740,Short Covering,Short Covering
2026-10-05 11:20,2026-10-06,280540,4355,0.3,0,172185,25200,520,0,2550,-520,520,Short Buildup,Long Unwinding
2026-10-05 11:20,2026-10-06,41600,-1430,0.3,0,35230,25400,520,0,2800,-520,1560,Long Unwinding,Long Unwinding
2026-10-05 11:20,2026-10-06,116610,-23920,0.35,0,133380,25600,130,0,2443.05,-130,0,Long Unwinding,Long Unwinding
2026-10-05 11:20,2026-10-06,652925,94380,0.35,0,775645,25800,8970,0,2733.5,0,10075,Short Buildup,N/A
2026-10-05 11:20,2026-10-06,0,0,0,0,0,26000,0,0,0,0,0,N/A,N/A
2026-10-05 11:20,2026-10-06,0,0,0,0,0,26200,0,0,0,0,0,N/A,N/A
2026-10-05 11:20,2026-10-06,0,0,0,0,0,26400,0,0,0,0,0,N/A,N/A
2026-10-05 11:20,2026-10-06,0,0,0,0,0,26600,0,0,0,0,0,N/A,N/A
2026-10-05 11:20,2026-10-06,0,0,0,0,0,26800,0,0,0,0,0,N/A,N/A
2026-10-05 11:20,2026-10-06,0,0,0,0,0,27000,0,0,0,0,0,N/A,N/A
2026-10-05 11:20,2026-10-06,0,0,0,0,0,27200,0,0,0,0,0,N/A,N/A
2026-10-05 11:20,2026-10-06,0,0,0,0,0,27400,0,0,0,0,0,N/A,N/A
2026-10-05 11:20,2026-10-06,0,0,0,0,0,27600,0,0,0,0,0,N/A,N/A
2026-10-05 11:20,2026-10-06,0,0,0,0,0,27800,0,0,0,0,0,N/A,N/A
2026-10-05 11:20,2026-10-06,0,0,0,0,0,28000,0,0,0,0,0,N/A,N/A
2026-10-05 11:20,2026-10-06,0,0,0,0,0,28200,0,0,0,0,0,N/A,N/A
2026-10-05 11:20,2026-10-06,0,0,0,0,0,28400,0,0,0,0,0,N/A,N/A
2026-10-05 11:20,2026-10-06,0,0,0,0,0,28600,0,0,0,0,0,N/A,N/A
2026-10-05 11:20,2026-10-06,0,0,0,0,0,28800,0,0,0,0,0,N/A,N/A
2026-10-05 11:20,2026-10-06,0,0,0,0,0,29000,0,0,0,0,0,N/A,N/A
2026-10-05 11:20,2026-10-06,0,0,0,0,0,29200,0,0,0,0,0,N/A,N/A
2026-10-05 11:25,2026-10-06,4225,325,1515.9,0,1300,21000,17739085,0,0.8,-567385,5144945,Short Buildup,Long Unwinding
2026-10-05 11:25,2026-10-06,0,0,0,0,0,21200,16664830,0,0.95,72605,2038660,N/A,Short Buildup
2026-10-05 11:25,2026-10-06,1300,0,1134.5,0,195,21400,21711430,0,1.3,254735,3441230,N/A,Short Buildup
2026-10-05 11:25,2026-10-06,4875,0,918.65,0,845,21600,46618065,0,1.95,2098980,5152875,N/A,Short Buildup
2026-10-05 11:25,2026-10-06,38415,-3315,683.3,0,31720,21800,70999565,0,3.05,2327390,7845045,Long Unwinding,Long Buildup
2026-10-05 11:25,2026-10-06,731965,-43940,506.95,0,1735110,22000,89860160,0,7.25,4148235,14206725,Long Unwinding,Long Buildup
2026-10-05 11:25,2026-10-06,688285,-152750,319.9,0,2602730,22200,98279025,0,20.25,3017105,9522435,Long Unwinding,Long Buildup
2026-10-05 11:25,2026-10-06,4101110,537290,158.8,0,37838905,22400,203976370,0,59.3,8955700,13191360,Short Buildup,Long Buildup
2026-10-05 11:25,2026-10-06,22631700,16542305,53.35,0,303078100,22600,231187320,0,153.15,6021860,8535020,Short Buildup,Long Buildup
2026-10-05 11:25,2026-10-06,14565590,5622500,12.45,0,129464985,22800,12631775,0,312.25,100100,1908465,Short Buildup,Long Buildup
2026-10-05 11:25,2026-10-06,17014985,3250260,3.85,0,76599445,23000,2608580,0,502.75,-296140,1367665,Short Buildup,Short Covering
2026-10-05 11:25,2026-10-06,11297845,1822340,2.1,0,49948795,23200,164190,0,701.55,-50635,413205,Long Buildup,Short Covering
2026-10-05 11:25,2026-10-06,5917210,824525,1.4,0,22963070,23400,94250,0,905,-16900,534560,Long Buildup,Short Covering
2026-10-05 11:25,2026-10-06,4212195,-338130,0.95,0,14836770,23600,24115,0,1108.1,-8320,152945,Long Unwinding,Short Covering
2026-10-05 11:25,2026-10-06,3796520,-378625,0.75,0,10054005,23800,14950,0,1308,-6240,97630,Long Unwinding,Short Covering
2026-10-05 11:25,2026-10-06,8091915,-3007095,0.65,0,22857835,24000,83590,0,1500,-63050,430950,Short Covering,Short Covering
2026-10-05 11:25,2026-10-06,2231580,-298870,0.5,0,2980705,24200,8710,0,1684.55,-4680,84110,Long Unwinding,Long Unwinding
2026-10-05 11:25,2026-10-06,849290,-826020,0.5,0,1940705,24400,2860,0,1880,-1560,53625,Long Unwinding,Long Unwinding
2026-10-05 11:25,2026-10-06,443625,-774995,0.45,0,2191930,24600,2145,0,2110,-1495,15990,Long Unwinding,Short Covering
2026-10-05 11:25,2026-10-06,311090,-77220,0.4,0,443625,24800,780,0,2297.9,-195,11050,Long Unwinding,Long Unwinding
2026-10-05 11:25,2026-10-06,1677130,-467480,0.3,0,3956225,25000,24245,0,2498.3,-22685,76700,Long Unwinding,Long Unwinding
2026-10-05 11:25,2026-10-06,280280,4095,0.3,0,213070,25200,520,0,2550,-520,520,Short Buildup,Long Unwinding
2026-10-05 11:25,2026-10-06,41600,-1430,0.3,0,35230,25400,520,0,2800,-520,1560,Long Unwinding,Long Unwinding
2026-10-05 11:25,2026-10-06,115505,-25025,0.35,0,135070,25600,130,0,2443.05,-130,0,Long Unwinding,Long Unwinding
2026-10-05 11:25,2026-10-06,653835,95290,0.3,0,799435,25800,65,0,3325.2,0,10075,Short Buildup,N/A
2026-10-05 11:25,2026-10-06,0,0,0,0,0,26000,0,0,0,0,0,N/A,N/A
2026-10-05 11:25,2026-10-06,0,0,0,0,0,26200,0,0,0,0,0,N/A,N/A
2026-10-05 11:25,2026-10-06,0,0,0,0,0,26400,0,0,0,0,0,N/A,N/A
2026-10-05 11:25,2026-10-06,0,0,0,0,0,26600,0,0,0,0,0,N/A,N/A
2026-10-05 11:25,2026-10-06,0,0,0,0,0,26800,0,0,0,0,0,N/A,N/A
2026-10-05 11:25,2026-10-06,0,0,0,0,0,27000,0,0,0,0,0,N/A,N/A
2026-10-05 11:25,2026-10-06,0,0,0,0,0,27200,0,0,0,0,0,N/A,N/A
2026-10-05 11:25,2026-10-06,0,0,0,0,0,27400,0,0,0,0,0,N/A,N/A
2026-10-05 11:25,2026-10-06,0,0,0,0,0,27600,0,0,0,0,0,N/A,N/A
2026-10-05 11:25,2026-10-06,0,0,0,0,0,27800,0,0,0,0,0,N/A,N/A
2026-10-05 11:25,2026-10-06,0,0,0,0,0,28000,0,0,0,0,0,N/A,N/A
2026-10-05 11:25,2026-10-06,0,0,0,0,0,28200,0,0,0,0,0,N/A,N/A
2026-10-05 11:25,2026-10-06,0,0,0,0,0,28400,0,0,0,0,0,N/A,N/A
2026-10-05 11:25,2026-10-06,0,0,0,0,0,28600,0,0,0,0,0,N/A,N/A
2026-10-05 11:25,2026-10-06,0,0,0,0,0,28800,0,0,0,0,0,N/A,N/A
2026-10-05 11:25,2026-10-06,0,0,0,0,0,29000,0,0,0,0,0,N/A,N/A
2026-10-05 11:25,2026-10-06,0,0,0,0,0,29200,0,0,0,0,0,N/A,N/A
2026-10-05 11:35,2026-10-06,4355,455,1540,0,1625,21000,18482945,0,0.75,-661570,5050760,Long Buildup,Long Unwinding
2026-10-05 11:35,2026-10-06,0,0,0,0,0,21200,16865940,0,0.9,55770,2021825,N/A,Short Buildup
2026-10-05 11:35,2026-10-06,1300,0,1134.5,0,195,21400,22198345,0,1.2,252655,3439150,N/A,Short Buildup
2026-10-05 11:35,2026-10-06,4875,0,918.65,0,845,21600,47588255,0,1.8,2019745,5073640,N/A,Short Buildup
2026-10-05 11:35,2026-10-06,38350,-3380,740,0,31850,21800,73854430,0,2.75,2039960,7557615,Short Covering,Short Buildup
2026-10-05 11:35,2026-10-06,693680,-82225,530,0,1820260,22000,94588130,0,6.5,4372030,14430520,Short Covering,Short Buildup
2026-10-05 11:35,2026-10-06,663520,-177515,340,0,2893540,22200,104211705,0,17.85,3073200,9578530,Short Covering,Short Buildup
2026-10-05 11:35,2026-10-06,3715400,151580,174.45,0,42089125,22400,221636025,0,52.3,8416720,12652380,Long Buildup,Short Buildup
2026-10-05 11:35,2026-10-06,22545705,16456310,60.65,0,325146250,22600,239034120,0,138.3,5476185,7989345,Long Buildup,Short Buildup
2026-10-05 11:35,2026-10-06,15108925,6165835,13.9,0,137281495,22800,13410020,0,292,214760,2023125,Long Buildup,Short Buildup
2026-10-05 11:35,2026-10-06,16891810,3127085,4.1,0,79550055,23000,2665000,0,482.4,-295425,1368380,Long Buildup,Long Unwinding
2026-10-05 11:35,2026-10-06,11277240,1801735,2.15,0,51155910,23200,175695,0,671.95,-51025,412815,Long Buildup,Long Unwinding
2026-10-05 11:35,2026-10-06,6024200,931515,1.4,0,23261420,23400,95160,0,850,-17225,534235,Short Buildup,Long Unwinding
2026-10-05 11:35,2026-10-06,4183400,-366925,1,0,14988220,23600,25805,0,1059.3,-9620,151645,Short Covering,Long Unwinding
2026-10-05 11:35,2026-10-06,3812900,-362245,0.75,0,10490285,23800,15275,0,1300,-6305,97565,Long Unwinding,Long Unwinding
2026-10-05 11:35,2026-10-06,8007155,-3091855,0.6,0,23180495,24000,85085,0,1455.5,-63440,430560,Long Unwinding,Long Unwinding
2026-10-05 11:35,2026-10-06,2259140,-271310,0.45,0,3049605,24200,8710,0,1684.55,-4680,84110,Long Unwinding,Long Unwinding
2026-10-05 11:35,2026-10-06,848575,-826735,0.5,0,1942005,24400,2860,0,1880,-1560,53625,Long Unwinding,Long Unwinding
2026-10-05 11:35,2026-10-06,443560,-775060,0.45,0,2196025,24600,10465,0,2069.85,-9815,7670,Long Unwinding,Long Unwinding
2026-10-05 11:35,2026-10-06,312260,-76050,0.45,0,443755,24800,780,0,2297.9,-195,11050,Short Covering,Long Unwinding
2026-10-05 11:35,2026-10-06,1647295,-497315,0.35,0,4046185,25000,26455,0,2455,-24570,74815,Short Covering,Long Unwinding
2026-10-05 11:35,2026-10-06,289705,13520,0.3,0,251615,25200,520,0,2550,-520,520,Short Buildup,Long Unwinding
2026-10-05 11:35,2026-10-06,41600,-1430,0.3,0,35230,25400,520,0,2800,-520,1560,Long Unwinding,Long Unwinding
2026-10-05 11:35,2026-10-06,114725,-25805,0.35,0,136695,25600,130,0,2443.05,-130,0,Long Unwinding,Long Unwinding
2026-10-05 11:35,2026-10-06,673205,114660,0.35,0,839995,25800,780,0,3303.1,-65,10010,Long Buildup,Long Unwinding
2026-10-05 11:35,2026-10-06,0,0,0,0,0,26000,0,0,0,0,0,N/A,N/A
2026-10-05 11:35,2026-10-06,0,0,0,0,0,26200,0,0,0,0,0,N/A,N/A
2026-10-05 11:35,2026-10-06,0,0,0,0,0,26400,0,0,0,0,0,N/A,N/A
2026-10-05 11:35,2026-10-06,0,0,0,0,0,26600,0,0,0,0,0,N/A,N/A
2026-10-05 11:35,2026-10-06,0,0,0,0,0,26800,0,0,0,0,0,N/A,N/A
2026-10-05 11:35,2026-10-06,0,0,0,0,0,27000,0,0,0,0,0,N/A,N/A
2026-10-05 11:35,2026-10-06,0,0,0,0,0,27200,0,0,0,0,0,N/A,N/A
2026-10-05 11:35,2026-10-06,0,0,0,0,0,27400,0,0,0,0,0,N/A,N/A
2026-10-05 11:35,2026-10-06,0,0,0,0,0,27600,0,0,0,0,0,N/A,N/A
2026-10-05 11:35,2026-10-06,0,0,0,0,0,27800,0,0,0,0,0,N/A,N/A
2026-10-05 11:35,2026-10-06,0,0,0,0,0,28000,0,0,0,0,0,N/A,N/A
2026-10-05 11:35,2026-10-06,0,0,0,0,0,28200,0,0,0,0,0,N/A,N/A
2026-10-05 11:35,2026-10-06,0,0,0,0,0,28400,0,0,0,0,0,N/A,N/A
2026-10-05 11:35,2026-10-06,0,0,0,0,0,28600,0,0,0,0,0,N/A,N/A
2026-10-05 11:35,2026-10-06,0,0,0,0,0,28800,0,0,0,0,0,N/A,N/A
2026-10-05 11:35,2026-10-06,0,0,0,0,0,29000,0,0,0,0,0,N/A,N/A
2026-10-05 11:35,2026-10-06,0,0,0,0,0,29200,0,0,0,0,0,N/A,N/A
2026-10-05 11:40,2026-10-06,4680,780,1500,0,2015,21000,18658185,0,0.8,-657865,5054465,Short Buildup,Short Covering
2026-10-05 11:40,2026-10-06,0,0,0,0,0,21200,16915730,0,0.9,50765,2016820,N/A,Short Buildup
2026-10-05 11:40,2026-10-06,1300,0,1134.5,0,195,21400,22627605,0,1.25,204750,3391245,N/A,Long Buildup
2026-10-05 11:40,2026-10-06,4875,0,918.65,0,845,21600,48246640,0,2,2116075,5169970,N/A,Long Buildup
2026-10-05 11:40,2026-10-06,38415,-3315,713.8,0,32175,21800,75288200,0,3.1,2084290,7601945,Long Unwinding,Long Buildup
2026-10-05 11:40,2026-10-06,695890,-80015,513.9,0,1841905,22000,96467800,0,7.25,4337775,14396265,Long Unwinding,Long Buildup
2026-10-05 11:40,2026-10-06,659555,-181480,325.25,0,2988180,22200,107275675,0,19.8,3309670,9815000,Long Unwinding,Long Buildup
2026-10-05 11:40,2026-10-06,3725605,161785,163.6,0,43381130,22400,230235135,0,57.75,9185865,13421525,Short Buildup,Long Buildup
2026-10-05 11:40,2026-10-06,22608300,16518905,55.15,0,334260225,22600,243122490,0,149.05,5534945,8048105,Short Buildup,Long Buildup
2026-10-05 11:40,2026-10-06,15100930,6157840,12.5,0,140367175,22800,13799695,0,306,104910,1913275,Short Buildup,Long Buildup
2026-10-05 11:40,2026-10-06,16956355,3191630,3.8,0,80661555,23000,2689895,0,498.15,-302250,1361555,Short Buildup,Short Covering
2026-10-05 11:40,2026-10-06,11214320,1738815,2.05,0,51784460,23200,176800,0,702,-52650,411190,Short Buildup,Short Covering
2026-10-05 11:40,2026-10-06,5993260,900575,1.4,0,23507575,23400,95225,0,894.95,-17290,534170,Short Buildup,Short Covering
2026-10-05 11:40,2026-10-06,4151810,-398515,1,0,15523170,23600,26260,0,1098.5,-9880,151385,Long Unwinding,Short Covering
2026-10-05 11:40,2026-10-06,3812900,-362245,0.75,0,10512125,23800,15275,0,1300,-6305,97565,Long Unwinding,Long Unwinding
2026-10-05 11:40,2026-10-06,7826260,-3272750,0.65,0,24378315,24000,85670,0,1496.15,-63895,430105,Short Covering,Short Covering
2026-10-05 11:40,2026-10-06,2259725,-270725,0.45,0,3052855,24200,8710,0,1684.55,-4680,84110,Long Unwinding,Long Unwinding
2026-10-05 11:40,2026-10-06,839605,-835705,0.45,0,1956825,24400,2860,0,1880,-1560,53625,Long Unwinding,Long Unwinding
2026-10-05 11:40,2026-10-06,426725,-791895,0.45,0,2229305,24600,10465,0,2069.85,-9815,7670,Long Unwinding,Long Unwinding
2026-10-05 11:40,2026-10-06,312260,-76050,0.4,0,443820,24800,780,0,2297.9,-195,11050,Long Unwinding,Long Unwinding
2026-10-05 11:40,2026-10-06,1646840,-497770,0.35,0,4050540,25000,27170,0,2495,-24115,75270,Long Unwinding,Short Covering
2026-10-05 11:40,2026-10-06,289705,13520,0.3,0,251940,25200,520,0,2550,-520,520,Short Buildup,Long Unwinding
2026-10-05 11:40,2026-10-06,41600,-1430,0.3,0,35230,25400,520,0,2800,-520,1560,Long Unwinding,Long Unwinding
2026-10-05 11:40,2026-10-06,114725,-25805,0.35,0,143715,25600,130,0,2443.05,-130,0,Long Unwinding,Long Unwinding
2026-10-05 11:40,2026-10-06,677040,118495,0.3,0,843050,25800,780,0,3303.1,-65,10010,Short Buildup,Long Unwinding
2026-10-05 11:40,2026-10-06,0,0,0,0,0,26000,0,0,0,0,0,N/A,N/A
2026-10-05 11:40,2026-10-06,0,0,0,0,0,26200,0,0,0,0,0,N/A,N/A
2026-10-05 11:40,2026-10-06,0,0,0,0,0,26400,0,0,0,0,0,N/A,N/A
2026-10-05 11:40,2026-10-06,0,0,0,0,0,26600,0,0,0,0,0,N/A,N/A
2026-10-05 11:40,2026-10-06,0,0,0,0,0,26800,0,0,0,0,0,N/A,N/A
2026-10-05 11:40,2026-10-06,0,0,0,0,0,27000,0,0,0,0,0,N/A,N/A
2026-10-05 11:40,2026-10-06,0,0,0,0,0,27200,0,0,0,0,0,N/A,N/A
2026-10-05 11:40,2026-10-06,0,0,0,0,0,27400,0,0,0,0,0,N/A,N/A
2026-10-05 11:40,2026-10-06,0,0,0,0,0,27600,0,0,0,0,0,N/A,N/A
2026-10-05 11:40,2026-10-06,0,0,0,0,0,27800,0,0,0,0,0,N/A,N/A
2026-10-05 11:40,2026-10-06,0,0,0,0,0,28000,0,0,0,0,0,N/A,N/A
2026-10-05 11:40,2026-10-06,0,0,0,0,0,28200,0,0,0,0,0,N/A,N/A
2026-10-05 11:40,2026-10-06,0,0,0,0,0,28400,0,0,0,0,0,N/A,N/A
2026-10-05 11:40,2026-10-06,0,0,0,0,0,28600,0,0,0,0,0,N/A,N/A
2026-10-05 11:40,2026-10-06,0,0,0,0,0,28800,0,0,0,0,0,N/A,N/A
2026-10-05 11:40,2026-10-06,0,0,0,0,0,29000,0,0,0,0,0,N/A,N/A
2026-10-05 11:40,2026-10-06,0,0,0,0,0,29200,0,0,0,0,0,N/A,N/A
2026-10-05 11:45,2026-10-06,4745,845,1510,0,2145,21000,18787080,0,0.8,-654485,5057845,Long Buildup,Long Unwinding
2026-10-05 11:45,2026-10-06,0,0,0,0,0,21200,16920605,0,0.95,49855,2015910,N/A,Long Buildup
2026-10-05 11:45,2026-10-06,1300,0,1134.5,0,195,21400,22807785,0,1.3,275470,3461965,N/A,Long Buildup
2026-10-05 11:45,2026-10-06,4875,0,918.65,0,845,21600,48684285,0,2,2101125,5155020,N/A,Short Buildup
2026-10-05 11:45,2026-10-06,38350,-3380,714.05,0,32240,21800,76716055,0,3.2,2127190,7644845,Short Covering,Long Buildup
2026-10-05 11:45,2026-10-06,649090,-126815,499.55,0,2066675,22000,97685315,0,7.8,4277390,14335880,Long Unwinding,Long Buildup
2026-10-05 11:45,2026-10-06,662480,-178555,314.4,0,3041870,22200,109720390,0,21.95,3488810,9994140,Long Unwinding,Long Buildup
2026-10-05 11:45,2026-10-06,3788265,224445,153.9,0,44772260,22400,237719690,0,63.55,9556300,13791960,Short Buildup,Long Buildup
2026-10-05 11:45,2026-10-06,22775090,16685695,50.95,0,340879045,22600,246429430,0,159.35,5616260,8129420,Short Buildup,Long Buildup
2026-10-05 11:45,2026-10-06,15261805,6318715,11.55,0,142663820,22800,13971100,0,320.45,108680,1917045,Short Buildup,Long Buildup
2026-10-05 11:45,2026-10-06,16926000,3161275,3.65,0,81526185,23000,2712710,0,512.8,-297440,1366365,Short Buildup,Short Covering
2026-10-05 11:45,2026-10-06,11220365,1744860,2,0,52205920,23200,177385,0,712.05,-53170,410670,Short Buildup,Short Covering
2026-10-05 11:45,2026-10-06,6011785,919100,1.35,0,23734815,23400,95615,0,891,-17355,534105,Short Buildup,Long Unwinding
2026-10-05 11:45,2026-10-06,4172935,-377390,0.95,0,15575040,23600,26585,0,1096.25,-10140,151125,Long Unwinding,Long Unwinding
2026-10-05 11:45,2026-10-06,3798990,-376155,0.8,0,10874760,23800,15340,0,1281,-6695,97175,Short Covering,Long Unwinding
2026-10-05 11:45,2026-10-06,7753330,-3345680,0.65,0,25763855,24000,86255,0,1505,-64350,429650,Long Unwinding,Short Covering
2026-10-05 11:45,2026-10-06,2262065,-268385,0.5,0,3058445,24200,8710,0,1684.55,-4680,84110,Short Covering,Long Unwinding
2026-10-05 11:45,2026-10-06,796835,-878475,0.45,0,2006030,24400,3185,0,1880,-1625,53560,Long Unwinding,Long Unwinding
2026-10-05 11:45,2026-10-06,418990,-799630,0.45,0,2251080,24600,10465,0,2069.85,-9815,7670,Long Unwinding,Long Unwinding
2026-10-05 11:45,2026-10-06,312260,-76050,0.45,0,443885,24800,780,0,2297.9,-195,11050,Short Covering,Long Unwinding
2026-10-05 11:45,2026-10-06,1645670,-498940,0.35,0,4061525,25000,28145,0,2500,-24895,74490,Long Unwinding,Short Covering
2026-10-05 11:45,2026-10-06,289705,13520,0.3,0,258180,25200,520,0,2550,-520,520,Short Buildup,Long Unwinding
2026-10-05 11:45,2026-10-06,41600,-1430,0.3,0,35230,25400,520,0,2800,-520,1560,Long Unwinding,Long Unwinding
2026-10-05 11:45,2026-10-06,121225,-19305,0.4,0,143780,25600,130,0,2443.05,-130,0,Short Covering,Long Unwinding
2026-10-05 11:45,2026-10-06,678405,119860,0.35,0,853125,25800,780,0,3303.1,-65,10010,Long Buildup,Long Unwinding
2026-10-05 11:45,2026-10-06,0,0,0,0,0,26000,0,0,0,0,0,N/A,N/A
2026-10-05 11:45,2026-10-06,0,0,0,0,0,26200,0,0,0,0,0,N/A,N/A
2026-10-05 11:45,2026-10-06,0,0,0,0,0,26400,0,0,0,0,0,N/A,N/A
2026-10-05 11:45,2026-10-06,0,0,0,0,0,26600,0,0,0,0,0,N/A,N/A
2026-10-05 11:45,2026-10-06,0,0,0,0,0,26800,0,0,0,0,0,N/A,N/A
2026-10-05 11:45,2026-10-06,0,0,0,0,0,27000,0,0,0,0,0,N/A,N/A
2026-10-05 11:45,2026-10-06,0,0,0,0,0,27200,0,0,0,0,0,N/A,N/A
2026-10-05 11:45,2026-10-06,0,0,0,0,0,27400,0,0,0,0,0,N/A,N/A
2026-10-05 11:45,2026-10-06,0,0,0,0,0,27600,0,0,0,0,0,N/A,N/A
2026-10-05 11:45,2026-10-06,0,0,0,0,0,27800,0,0,0,0,0,N/A,N/A
2026-10-05 11:45,2026-10-06,0,0,0,0,0,28000,0,0,0,0,0,N/A,N/A
2026-10-05 11:45,2026-10-06,0,0,0,0,0,28200,0,0,0,0,0,N/A,N/A
2026-10-05 11:45,2026-10-06,0,0,0,0,0,28400,0,0,0,0,0,N/A,N/A
2026-10-05 11:45,2026-10-06,0,0,0,0,0,28600,0,0,0,0,0,N/A,N/A
2026-10-05 11:45,2026-10-06,0,0,0,0,0,28800,0,0,0,0,0,N/A,N/A
2026-10-05 11:45,2026-10-06,0,0,0,0,0,29000,0,0,0,0,0,N/A,N/A
2026-10-05 11:45,2026-10-06,0,0,0,0,0,29200,0,0,0,0,0,N/A,N/A
2026-10-05 11:50,2026-10-06,4875,975,1504.7,0,2405,21000,18823935,0,0.75,-672490,5039840,Short Buildup,Long Unwinding
2026-10-05 11:50,2026-10-06,0,0,0,0,0,21200,16944980,0,0.9,49855,2015910,N/A,Short Buildup
2026-10-05 11:50,2026-10-06,1300,0,1134.5,0,195,21400,23146240,0,1.25,351195,3537690,N/A,Short Buildup
2026-10-05 11:50,2026-10-06,4875,0,918.65,0,845,21600,49546705,0,1.8,2143180,5197075,N/A,Short Buildup
2026-10-05 11:50,2026-10-06,38285,-3445,700.3,0,32305,21800,78429780,0,3.05,2192710,7710365,Long Unwinding,Short Buildup
2026-10-05 11:50,2026-10-06,649805,-126100,482.7,0,2106325,22000,101190375,0,8.15,4709185,14767675,Long Unwinding,Long Buildup
2026-10-05 11:50,2026-10-06,669500,-171535,300.3,0,3182205,22200,113226230,0,24.8,3669445,10174775,Long Unwinding,Long Buildup
2026-10-05 11:50,2026-10-06,4030325,466505,147.45,0,46688070,22400,248968915,0,70.1,9061715,13297375,Short Buildup,Long Buildup
2026-10-05 11:50,2026-10-06,23077340,16987945,48.45,0,347626890,22600,251427605,0,171.5,5105750,7618910,Short Buildup,Long Buildup
2026-10-05 11:50,2026-10-06,15888795,6945705,10.95,0,146486275,22800,14243710,0,336.9,101465,1909830,Short Buildup,Long Buildup
2026-10-05 11:50,2026-10-06,16850145,3085420,3.6,0,82505085,23000,2730195,0,527.85,-302250,1361555,Short Buildup,Short Covering
2026-10-05 11:50,2026-10-06,11160955,1685450,2.05,0,52898625,23200,179270,0,725.6,-54275,409565,Long Buildup,Short Covering
2026-10-05 11:50,2026-10-06,5968105,875420,1.45,0,23898355,23400,95615,0,891,-17355,534105,Long Buildup,Long Unwinding
2026-10-05 11:50,2026-10-06,4169815,-380510,0.95,0,15731235,23600,26910,0,1096.25,-10205,151060,Long Unwinding,Long Unwinding
2026-10-05 11:50,2026-10-06,3783325,-391820,0.8,0,11086725,23800,15600,0,1325.9,-6890,96980,Long Unwinding,Short Covering
2026-10-05 11:50,2026-10-06,7757555,-3341455,0.6,0,26233610,24000,86645,0,1524,-64285,429715,Long Unwinding,Short Covering
2026-10-05 11:50,2026-10-06,2262325,-268125,0.45,0,3062215,24200,8710,0,1684.55,-4680,84110,Long Unwinding,Long Unwinding
2026-10-05 11:50,2026-10-06,796835,-878475,0.45,0,2006745,24400,3185,0,1880,-1625,53560,Long Unwinding,Long Unwinding
2026-10-05 11:50,2026-10-06,418210,-800410,0.45,0,2251925,24600,10465,0,2069.85,-9815,7670,Long Unwinding,Long Unwinding
2026-10-05 11:50,2026-10-06,312260,-76050,0.45,0,443950,24800,780,0,2297.9,-195,11050,Long Unwinding,Long Unwinding
2026-10-05 11:50,2026-10-06,1643785,-500825,0.3,0,4077905,25000,28470,0,2490,-24960,74425,Long Unwinding,Long Unwinding
2026-10-05 11:50,2026-10-06,313300,37115,0.4,0,437255,25200,520,0,2550,-520,520,Long Buildup,Long Unwinding
2026-10-05 11:50,2026-10-06,41535,-1495,0.3,0,35230,25400,520,0,2800,-520,1560,Long Unwinding,Long Unwinding
2026-10-05 11:50,2026-10-06,122330,-18200,0.35,0,145535,25600,130,0,2443.05,-130,0,Long Unwinding,Long Unwinding
2026-10-05 11:50,2026-10-06,679315,120770,0.35,0,855660,25800,3120,0,3303.1,-585,9490,Short Buildup,Long Unwinding
2026-10-05 11:50,2026-10-06,0,0,0,0,0,26000,0,0,0,0,0,N/A,N/A
2026-10-05 11:50,2026-10-06,0,0,0,0,0,26200,0,0,0,0,0,N/A,N/A
2026-10-05 11:50,2026-10-06,0,0,0,0,0,26400,0,0,0,0,0,N/A,N/A
2026-10-05 11:50,2026-10-06,0,0,0,0,0,26600,0,0,0,0,0,N/A,N/A
2026-10-05 11:50,2026-10-06,0,0,0,0,0,26800,0,0,0,0,0,N/A,N/A
2026-10-05 11:50,2026-10-06,0,0,0,0,0,27000,0,0,0,0,0,N/A,N/A
2026-10-05 11:50,2026-10-06,0,0,0,0,0,27200,0,0,0,0,0,N/A,N/A
2026-10-05 11:50,2026-10-06,0,0,0,0,0,27400,0,0,0,0,0,N/A,N/A
2026-10-05 11:50,2026-10-06,0,0,0,0,0,27600,0,0,0,0,0,N/A,N/A
2026-10-05 11:50,2026-10-06,0,0,0,0,0,27800,0,0,0,0,0,N/A,N/A
2026-10-05 11:50,2026-10-06,0,0,0,0,0,28000,0,0,0,0,0,N/A,N/A
2026-10-05 11:50,2026-10-06,0,0,0,0,0,28200,0,0,0,0,0,N/A,N/A
2026-10-05 11:50,2026-10-06,0,0,0,0,0,28400,0,0,0,0,0,N/A,N/A
2026-10-05 11:50,2026-10-06,0,0,0,0,0,28600,0,0,0,0,0,N/A,N/A
2026-10-05 11:50,2026-10-06,0,0,0,0,0,28800,0,0,0,0,0,N/A,N/A
2026-10-05 11:50,2026-10-06,0,0,0,0,0,29000,0,0,0,0,0,N/A,N/A
2026-10-05 11:50,2026-10-06,0,0,0,0,0,29200,0,0,0,0,0,N/A,N/A
2026-10-05 11:55,2026-10-06,4875,975,1504.7,0,2405,21000,18869370,0,0.8,-672490,5039840,Short Buildup,Short Covering
2026-10-05 11:55,2026-10-06,0,0,0,0,0,21200,17142970,0,0.85,45890,2011945,N/A,Short Buildup
2026-10-05 11:55,2026-10-06,1300,0,1134.5,0,195,21400,23599550,0,1.25,270335,3456830,N/A,Short Buildup
2026-10-05 11:55,2026-10-06,4875,0,918.65,0,845,21600,50961560,0,1.75,2027545,5081440,N/A,Short Buildup
2026-10-05 11:55,2026-10-06,38740,-2990,697.65,0,33930,21800,80952690,0,2.65,2128880,7646535,Long Unwinding,Short Buildup
2026-10-05 11:55,2026-10-06,640510,-135395,508.4,0,2151955,22000,104447850,0,6.75,4615000,14673490,Short Covering,Short Buildup
2026-10-05 11:55,2026-10-06,677820,-163215,320.6,0,3287700,22200,117908960,0,19.95,3580720,10086050,Short Covering,Short Buildup
2026-10-05 11:55,2026-10-06,4333745,769925,160.35,0,49130510,22400,261205620,0,59.2,9150570,13386230,Long Buildup,Short Buildup
2026-10-05 11:55,2026-10-06,23561915,17472520,54.2,0,354820570,22600,254889245,0,152.75,4629690,7142850,Long Buildup,Short Buildup
2026-10-05 11:55,2026-10-06,15984605,7041515,12.1,0,149472180,22800,14483820,0,310.95,74620,1882985,Long Buildup,Short Buildup
2026-10-05 11:55,2026-10-06,16906435,3141710,3.85,0,83879835,23000,2752425,0,500.8,-300560,1363245,Long Buildup,Long Unwinding
2026-10-05 11:55,2026-10-06,11250785,1775280,2.1,0,53799980,23200,181805,0,701.05,-54730,409110,Long Buildup,Long Unwinding
2026-10-05 11:55,2026-10-06,5969860,877175,1.4,0,24492065,23400,96330,0,908.95,-17485,533975,Short Buildup,Short Covering
2026-10-05 11:55,2026-10-06,4308980,-241345,0.95,0,16172065,23600,26910,0,1096.25,-10205,151060,Long Unwinding,Long Unwinding
2026-10-05 11:55,2026-10-06,3781635,-393510,0.75,0,11182470,23800,15600,0,1325.9,-6890,96980,Long Unwinding,Long Unwinding
2026-10-05 11:55,2026-10-06,7675525,-3423485,0.6,0,26716300,24000,87750,0,1506,-64805,429195,Long Unwinding,Long Unwinding
2026-10-05 11:55,2026-10-06,2262520,-267930,0.5,0,3104985,24200,8710,0,1684.55,-4680,84110,Short Covering,Long Unwinding
2026-10-05 11:55,2026-10-06,796835,-878475,0.45,0,2007395,24400,3250,0,1920.1,-1950,53235,Long Unwinding,Short Covering
2026-10-05 11:55,2026-10-06,418145,-800475,0.45,0,2251925,24600,10465,0,2069.85,-9815,7670,Long Unwinding,Long Unwinding
2026-10-05 11:55,2026-10-06,312260,-76050,0.4,0,447330,24800,780,0,2297.9,-195,11050,Long Unwinding,Long Unwinding
2026-10-05 11:55,2026-10-06,1640925,-503685,0.3,0,4104100,25000,29120,0,2502,-25285,74100,Long Unwinding,Short Covering
2026-10-05 11:55,2026-10-06,280280,4095,0.3,0,668395,25200,520,0,2550,-520,520,Short Buildup,Long Unwinding
2026-10-05 11:55,2026-10-06,41600,-1430,0.35,0,39325,25400,520,0,2800,-520,1560,Short Covering,Long Unwinding
2026-10-05 11:55,2026-10-06,122330,-18200,0.35,0,145600,25600,130,0,2443.05,-130,0,Long Unwinding,Long Unwinding
2026-10-05 11:55,2026-10-06,679315,120770,0.3,0,864240,25800,3120,0,3303.1,-585,9490,Short Buildup,Long Unwinding
2026-10-05 11:55,2026-10-06,0,0,0,0,0,26000,0,0,0,0,0,N/A,N/A
2026-10-05 11:55,2026-10-06,0,0,0,0,0,26200,0,0,0,0,0,N/A,N/A
2026-10-05 11:55,2026-10-06,0,0,0,0,0,26400,0,0,0,0,0,N/A,N/A
2026-10-05 11:55,2026-10-06,0,0,0,0,0,26600,0,0,0,0,0,N/A,N/A
2026-10-05 11:55,2026-10-06,0,0,0,0,0,26800,0,0,0,0,0,N/A,N/A
2026-10-05 11:55,2026-10-06,0,0,0,0,0,27000,0,0,0,0,0,N/A,N/A
2026-10-05 11:55,2026-10-06,0,0,0,0,0,27200,0,0,0,0,0,N/A,N/A
2026-10-05 11:55,2026-10-06,0,0,0,0,0,27400,0,0,0,0,0,N/A,N/A
2026-10-05 11:55,2026-10-06,0,0,0,0,0,27600,0,0,0,0,0,N/A,N/A
2026-10-05 11:55,2026-10-06,0,0,0,0,0,27800,0,0,0,0,0,N/A,N/A
2026-10-05 11:55,2026-10-06,0,0,0,0,0,28000,0,0,0,0,0,N/A,N/A
2026-10-05 11:55,2026-10-06,0,0,0,0,0,28200,0,0,0,0,0,N/A,N/A
2026-10-05 11:55,2026-10-06,0,0,0,0,0,28400,0,0,0,0,0,N/A,N/A
2026-10-05 11:55,2026-10-06,0,0,0,0,0,28600,0,0,0,0,0,N/A,N/A
2026-10-05 11:55,2026-10-06,0,0,0,0,0,28800,0,0,0,0,0,N/A,N/A
2026-10-05 11:55,2026-10-06,0,0,0,0,0,29000,0,0,0,0,0,N/A,N/A
2026-10-05 11:55,2026-10-06,0,0,0,0,0,29200,0,0,0,0,0,N/A,N/A
2026-10-05 12:00,2026-10-06,7215,3315,1495,0,4875,21000,18919290,0,0.8,-673465,5038865,Short Buildup,Long Unwinding
2026-10-05 12:00,2026-10-06,0,0,0,0,0,21200,17239950,0,0.9,45890,2011945,N/A,Long Buildup
2026-10-05 12:00,2026-10-06,1300,0,1134.5,0,195,21400,23993450,0,1.25,168480,3354975,N/A,Short Buildup
2026-10-05 12:00,2026-10-06,4875,0,852.7,0,975,21600,52221260,0,1.85,2002845,5056740,N/A,Long Buildup
2026-10-05 12:00,2026-10-06,39260,-2470,660,0,35295,21800,83736705,0,3.3,2172365,7690020,Long Unwinding,Long Buildup
2026-10-05 12:00,2026-10-06,648505,-127400,464.55,0,2217735,22000,108154020,0,9.25,4720300,14778790,Long Unwinding,Long Buildup
2026-10-05 12:00,2026-10-06,691730,-149305,283.5,0,3430440,22200,123348420,0,28.25,3311815,9817145,Long Unwinding,Long Buildup
2026-10-05 12:00,2026-10-06,4657055,1093235,133.35,0,52166465,22400,276061760,0,80.1,9445475,13681135,Short Buildup,Long Buildup
2026-10-05 12:00,2026-10-06,23299965,17210570,42.5,0,363822290,22600,259029810,0,188.5,4198740,6711900,Short Buildup,Long Buildup
2026-10-05 12:00,2026-10-06,15936830,6993740,9.75,0,154026535,22800,14778205,0,355.25,14235,1822600,Short Buildup,Long Buildup
2026-10-05 12:00,2026-10-06,17094480,3329755,3.5,0,85385560,23000,2785315,0,546.65,-304070,1359735,Short Buildup,Short Covering
2026-10-05 12:00,2026-10-06,11278735,1803230,2.05,0,54556385,23200,187135,0,752.6,-56745,407095,Short Buildup,Short Covering
2026-10-05 12:00,2026-10-06,6053775,961090,1.35,0,24821745,23400,96850,0,947.3,-17550,533910,Short Buildup,Short Covering
2026-10-05 12:00,2026-10-06,4459520,-90805,1,0,16468985,23600,26910,0,1096.25,-10205,151060,Short Covering,Long Unwinding
2026-10-05 12:00,2026-10-06,3766230,-408915,0.8,0,11397880,23800,16510,0,1342.45,-7670,96200,Short Covering,Short Covering
2026-10-05 12:00,2026-10-06,7504705,-3594305,0.65,0,27093170,24000,88790,0,1526,-65390,428610,Short Covering,Short Covering
2026-10-05 12:00,2026-10-06,2269150,-261300,0.5,0,3132285,24200,8710,0,1684.55,-4680,84110,Long Unwinding,Long Unwinding
2026-10-05 12:00,2026-10-06,796835,-878475,0.45,0,2007720,24400,3250,0,1920.1,-1950,53235,Long Unwinding,Long Unwinding
2026-10-05 12:00,2026-10-06,417885,-800735,0.45,0,2255500,24600,10465,0,2069.85,-9815,7670,Long Unwinding,Long Unwinding
2026-10-05 12:00,2026-10-06,310570,-77740,0.4,0,447330,24800,780,0,2297.9,-195,11050,Long Unwinding,Long Unwinding
2026-10-05 12:00,2026-10-06,1637545,-507065,0.35,0,4119960,25000,29185,0,2502,-25545,73840,Short Covering,Long Unwinding
2026-10-05 12:00,2026-10-06,319215,43030,0.4,0,763815,25200,520,0,2550,-520,520,Long Buildup,Long Unwinding
2026-10-05 12:00,2026-10-06,41600,-1430,0.35,0,39325,25400,520,0,2800,-520,1560,Long Unwinding,Long Unwinding
2026-10-05 12:00,2026-10-06,122330,-18200,0.35,0,145600,25600,130,0,2443.05,-130,0,Long Unwinding,Long Unwinding
2026-10-05 12:00,2026-10-06,679315,120770,0.3,0,869635,25800,5395,0,3310,-4680,5395,Short Buildup,Short Covering
2026-10-05 12:00,2026-10-06,0,0,0,0,0,26000,0,0,0,0,0,N/A,N/A
2026-10-05 12:00,2026-10-06,0,0,0,0,0,26200,0,0,0,0,0,N/A,N/A
2026-10-05 12:00,2026-10-06,0,0,0,0,0,26400,0,0,0,0,0,N/A,N/A
2026-10-05 12:00,2026-10-06,0,0,0,0,0,26600,0,0,0,0,0,N/A,N/A
2026-10-05 12:00,2026-10-06,0,0,0,0,0,26800,0,0,0,0,0,N/A,N/A
2026-10-05 12:00,2026-10-06,0,0,0,0,0,27000,0,0,0,0,0,N/A,N/A
2026-10-05 12:00,2026-10-06,0,0,0,0,0,27200,0,0,0,0,0,N/A,N/A
2026-10-05 12:00,2026-10-06,0,0,0,0,0,27400,0,0,0,0,0,N/A,N/A
2026-10-05 12:00,2026-10-06,0,0,0,0,0,27600,0,0,0,0,0,N/A,N/A
2026-10-05 12:00,2026-10-06,0,0,0,0,0,27800,0,0,0,0,0,N/A,N/A
2026-10-05 12:00,2026-10-06,0,0,0,0,0,28000,0,0,0,0,0,N/A,N/A
2026-10-05 12:00,2026-10-06,0,0,0,0,0,28200,0,0,0,0,0,N/A,N/A
2026-10-05 12:00,2026-10-06,0,0,0,0,0,28400,0,0,0,0,0,N/A,N/A
2026-10-05 12:00,2026-10-06,0,0,0,0,0,28600,0,0,0,0,0,N/A,N/A
2026-10-05 12:00,2026-10-06,0,0,0,0,0,28800,0,0,0,0,0,N/A,N/A
2026-10-05 12:00,2026-10-06,0,0,0,0,0,29000,0,0,0,0,0,N/A,N/A
2026-10-05 12:00,2026-10-06,0,0,0,0,0,29200,0,0,0,0,0,N/A,N/A
2026-10-05 12:05,2026-10-06,7215,3315,1495,0,4875,21000,19630975,0,0.7,-793780,4918550,Short Buildup,Long Unwinding
2026-10-05 12:05,2026-10-06,0,0,0,0,0,21200,17484350,0,0.9,45045,2011100,N/A,Short Buildup
2026-10-05 12:05,2026-10-06,1300,0,1083.05,0,325,21400,26276965,0,1.1,-32695,3153800,N/A,Long Unwinding
2026-10-05 12:05,2026-10-06,4810,-65,873.1,0,1040,21600,54451930,0,1.85,1865305,4919200,Short Covering,Short Buildup
2026-10-05 12:05,2026-10-06,39065,-2665,667.7,0,36400,21800,86507655,0,3.35,2174380,7692035,Short Covering,Long Buildup
2026-10-05 12:05,2026-10-06,639340,-136565,476.15,0,2265900,22000,112397350,0,8.75,4570280,14628770,Short Covering,Short Buildup
2026-10-05 12:05,2026-10-06,706615,-134420,292.9,0,3605680,22200,129934350,0,26.15,3143075,9648405,Short Covering,Short Buildup
2026-10-05 12:05,2026-10-06,5338255,1774435,140.25,0,57078840,22400,293247760,0,73.2,10942750,15178410,Long Buildup,Short Buildup
2026-10-05 12:05,2026-10-06,23920195,17830800,45.05,0,371997470,22600,262415400,0,178,3745690,6258850,Long Buildup,Short Buildup
2026-10-05 12:05,2026-10-06,16017105,7074015,10.2,0,157344980,22800,14975740,0,343.3,-8125,1800240,Long Buildup,Long Unwinding
2026-10-05 12:05,2026-10-06,17115150,3350425,3.5,0,86931325,23000,2823145,0,537.1,-315250,1348555,Short Buildup,Long Unwinding
2026-10-05 12:05,2026-10-06,11931075,2455570,2,0,57216380,23200,190710,0,735,-57005,406835,Short Buildup,Long Unwinding
2026-10-05 12:05,2026-10-06,6186830,1094145,1.3,0,26226720,23400,97175,0,922.45,-17680,533780,Short Buildup,Long Unwinding
2026-10-05 12:05,2026-10-06,4416360,-133965,1,0,17809220,23600,28080,0,1126.85,-10725,150540,Long Unwinding,Short Covering
2026-10-05 12:05,2026-10-06,3762720,-412425,0.7,0,11737960,23800,17290,0,1329,-7865,96005,Long Unwinding,Long Unwinding
2026-10-05 12:05,2026-10-06,7451145,-3647865,0.6,0,27302535,24000,90805,0,1536.65,-66625,427375,Long Unwinding,Short Covering
2026-10-05 12:05,2026-10-06,2145910,-384540,0.5,0,3814265,24200,8710,0,1684.55,-4680,84110,Long Unwinding,Long Unwinding
2026-10-05 12:05,2026-10-06,796770,-878540,0.45,0,2013960,24400,3250,0,1920.1,-1950,53235,Long Unwinding,Long Unwinding
2026-10-05 12:05,2026-10-06,417820,-800800,0.5,0,2256085,24600,10465,0,2069.85,-9815,7670,Short Covering,Long Unwinding
2026-10-05 12:05,2026-10-06,310180,-78130,0.45,0,494455,24800,780,0,2297.9,-195,11050,Short Covering,Long Unwinding
2026-10-05 12:05,2026-10-06,1637480,-507130,0.3,0,4639960,25000,29705,0,2520,-25480,73905,Long Unwinding,Short Covering
2026-10-05 12:05,2026-10-06,319215,43030,0.4,0,856180,25200,520,0,2550,-520,520,Short Buildup,Long Unwinding
2026-10-05 12:05,2026-10-06,38545,-4485,0.4,0,39390,25400,520,0,2800,-520,1560,Short Covering,Long Unwinding
2026-10-05 12:05,2026-10-06,122395,-18135,0.35,0,147745,25600,130,0,2443.05,-130,0,Long Unwinding,Long Unwinding
2026-10-05 12:05,2026-10-06,679315,120770,0.3,0,871065,25800,5395,0,3310,-4680,5395,Short Buildup,Long Unwinding
2026-10-05 12:05,2026-10-06,0,0,0,0,0,26000,0,0,0,0,0,N/A,N/A
2026-10-05 12:05,2026-10-06,0,0,0,0,0,26200,0,0,0,0,0,N/A,N/A
2026-10-05 12:05,2026-10-06,0,0,0,0,0,26400,0,0,0,0,0,N/A,N/A
2026-10-05 12:05,2026-10-06,0,0,0,0,0,26600,0,0,0,0,0,N/A,N/A
2026-10-05 12:05,2026-10-06,0,0,0,0,0,26800,0,0,0,0,0,N/A,N/A
2026-10-05 12:05,2026-10-06,0,0,0,0,0,27000,0,0,0,0,0,N/A,N/A
2026-10-05 12:05,2026-10-06,0,0,0,0,0,27200,0,0,0,0,0,N/A,N/A
2026-10-05 12:05,2026-10-06,0,0,0,0,0,27400,0,0,0,0,0,N/A,N/A
2026-10-05 12:05,2026-10-06,0,0,0,0,0,27600,0,0,0,0,0,N/A,N/A
2026-10-05 12:05,2026-10-06,0,0,0,0,0,27800,0,0,0,0,0,N/A,N/A
2026-10-05 12:05,2026-10-06,0,0,0,0,0,28000,0,0,0,0,0,N/A,N/A
2026-10-05 12:05,2026-10-06,0,0,0,0,0,28200,0,0,0,0,0,N/A,N/A
2026-10-05 12:05,2026-10-06,0,0,0,0,0,28400,0,0,0,0,0,N/A,N/A
2026-10-05 12:05,2026-10-06,0,0,0,0,0,28600,0,0,0,0,0,N/A,N/A
2026-10-05 12:05,2026-10-06,0,0,0,0,0,28800,0,0,0,0,0,N/A,N/A
2026-10-05 12:05,2026-10-06,0,0,0,0,0,29000,0,0,0,0,0,N/A,N/A
2026-10-05 12:05,2026-10-06,0,0,0,0,0,29200,0,0,0,0,0,N/A,N/A
2026-10-05 12:10,2026-10-06,7215,3315,1495,0,4875,21000,20260240,0,0.75,-917605,4794725,Short Buildup,Short Covering
2026-10-05 12:10,2026-10-06,0,0,0,0,0,21200,17669405,0,0.95,21580,1987635,N/A,Long Buildup
2026-10-05 12:10,2026-10-06,1300,0,1083.05,0,325,21400,27382225,0,1.25,-158665,3027830,N/A,Short Covering
2026-10-05 12:10,2026-10-06,4810,-65,873.1,0,1040,21600,59429955,0,2,1791530,4845425,Long Unwinding,Long Buildup
2026-10-05 12:10,2026-10-06,39260,-2470,636,0,37960,21800,90510810,0,3.95,2323230,7840885,Long Unwinding,Long Buildup
2026-10-05 12:10,2026-10-06,652210,-123695,452.15,0,2326025,22000,118934725,0,10.7,4516265,14574755,Long Unwinding,Long Buildup
2026-10-05 12:10,2026-10-06,759200,-81835,271.5,0,3846635,22200,138185320,0,31.2,3251820,9757150,Long Unwinding,Long Buildup
2026-10-05 12:10,2026-10-06,6798285,3234465,125.5,0,63311625,22400,316690595,0,85.55,10513815,14749475,Short Buildup,Long Buildup
2026-10-05 12:10,2026-10-06,23979150,17889755,39.4,0,381363905,22600,266400810,0,198.95,3344120,5857280,Short Buildup,Long Buildup
2026-10-05 12:10,2026-10-06,15848430,6905340,9.4,0,161372185,22800,15172885,0,370,-40040,1768325,Short Buildup,Short Covering
2026-10-05 12:10,2026-10-06,17544930,3780205,3.55,0,89796720,23000,2856685,0,561.5,-325455,1338350,Long Buildup,Short Covering
2026-10-05 12:10,2026-10-06,11366550,1891045,1.95,0,60181680,23200,193700,0,765,-59345,404495,Short Buildup,Short Covering
2026-10-05 12:10,2026-10-06,6300645,1207960,1.4,0,27025375,23400,97435,0,973,-17680,533780,Long Buildup,Short Covering
2026-10-05 12:10,2026-10-06,4402645,-147680,0.95,0,18286775,23600,28535,0,1166.3,-11180,150085,Long Unwinding,Short Covering
2026-10-05 12:10,2026-10-06,3807050,-368095,0.75,0,12135110,23800,17420,0,1366.85,-8190,95680,Short Covering,Short Covering
2026-10-05 12:10,2026-10-06,7438015,-3660995,0.65,0,27371500,24000,90870,0,1554,-67340,426660,Short Covering,Short Covering
2026-10-05 12:10,2026-10-06,2140905,-389545,0.5,0,4424680,24200,8710,0,1684.55,-4680,84110,Long Unwinding,Long Unwinding
2026-10-05 12:10,2026-10-06,796770,-878540,0.5,0,2014350,24400,3250,0,1920.1,-1950,53235,Short Covering,Long Unwinding
2026-10-05 12:10,2026-10-06,417820,-800800,0.5,0,2256085,24600,10465,0,2069.85,-9815,7670,Long Unwinding,Long Unwinding
2026-10-05 12:10,2026-10-06,272805,-115505,0.45,0,495040,24800,780,0,2297.9,-195,11050,Long Unwinding,Long Unwinding
2026-10-05 12:10,2026-10-06,1637480,-507130,0.35,0,4698135,25000,29965,0,2565,-25935,73450,Short Covering,Short Covering
2026-10-05 12:10,2026-10-06,289185,13000,0.35,0,928785,25200,520,0,2550,-520,520,Short Buildup,Long Unwinding
2026-10-05 12:10,2026-10-06,38545,-4485,0.35,0,39520,25400,520,0,2800,-520,1560,Long Unwinding,Long Unwinding
2026-10-05 12:10,2026-10-06,121290,-19240,0.35,0,148070,25600,130,0,2443.05,-130,0,Long Unwinding,Long Unwinding
2026-10-05 12:10,2026-10-06,679315,120770,0.35,0,874705,25800,5395,0,3310,-4680,5395,Long Buildup,Long Unwinding
2026-10-05 12:10,2026-10-06,0,0,0,0,0,26000,0,0,0,0,0,N/A,N/A
2026-10-05 12:10,2026-10-06,0,0,0,0,0,26200,0,0,0,0,0,N/A,N/A
2026-10-05 12:10,2026-10-06,0,0,0,0,0,26400,0,0,0,0,0,N/A,N/A
2026-10-05 12:10,2026-10-06,0,0,0,0,0,26600,0,0,0,0,0,N/A,N/A
2026-10-05 12:10,2026-10-06,0,0,0,0,0,26800,0,0,0,0,0,N/A,N/A
2026-10-05 12:10,2026-10-06,0,0,0,0,0,27000,0,0,0,0,0,N/A,N/A
2026-10-05 12:10,2026-10-06,0,0,0,0,0,27200,0,0,0,0,0,N/A,N/A
2026-10-05 12:10,2026-10-06,0,0,0,0,0,27400,0,0,0,0,0,N/A,N/A
2026-10-05 12:10,2026-10-06,0,0,0,0,0,27600,0,0,0,0,0,N/A,N/A
2026-10-05 12:10,2026-10-06,0,0,0,0,0,27800,0,0,0,0,0,N/A,N/A
2026-10-05 12:10,2026-10-06,0,0,0,0,0,28000,0,0,0,0,0,N/A,N/A
2026-10-05 12:10,2026-10-06,0,0,0,0,0,28200,0,0,0,0,0,N/A,N/A
2026-10-05 12:10,2026-10-06,0,0,0,0,0,28400,0,0,0,0,0,N/A,N/A
2026-10-05 12:10,2026-10-06,0,0,0,0,0,28600,0,0,0,0,0,N/A,N/A
2026-10-05 12:10,2026-10-06,0,0,0,0,0,28800,0,0,0,0,0,N/A,N/A
2026-10-05 12:10,2026-10-06,0,0,0,0,0,29000,0,0,0,0,0,N/A,N/A
2026-10-05 12:10,2026-10-06,0,0,0,0,0,29200,0,0,0,0,0,N/A,N/A
2026-10-05 12:15,2026-10-06,7215,3315,1495,0,4875,21000,20568340,0,0.75,-948610,4763720,Short Buildup,Long Unwinding
2026-10-05 12:15,2026-10-06,0,0,0,0,0,21200,17750915,0,1,10400,1976455,N/A,Long Buildup
2026-10-05 12:15,2026-10-06,1300,0,1083.05,0,325,21400,27723605,0,1.3,-195455,2991040,N/A,Short Covering
2026-10-05 12:15,2026-10-06,4810,-65,873.1,0,1040,21600,61592895,0,2.1,1833130,4887025,Long Unwinding,Long Buildup
2026-10-05 12:15,2026-10-06,39195,-2535,646.6,0,38675,21800,93022735,0,4,2327910,7845565,Short Covering,Long Buildup
2026-10-05 12:15,2026-10-06,647660,-128245,461.8,0,2365870,22000,122675280,0,10.4,4623645,14682135,Short Covering,Short Buildup
2026-10-05 12:15,2026-10-06,743275,-97760,280.95,0,3988075,22200,143198835,0,29.7,3701945,10207275,Short Covering,Short Buildup
2026-10-05 12:15,2026-10-06,6850025,3286205,131.8,0,67032225,22400,329292145,0,81.2,11721385,15957045,Long Buildup,Short Buildup
2026-10-05 12:15,2026-10-06,24672700,18583305,42.2,0,386865050,22600,268035625,0,190.5,3329430,5842590,Long Buildup,Short Buildup
2026-10-05 12:15,2026-10-06,15892175,6949085,9.95,0,163114835,22800,15255890,0,359.2,-34190,1774175,Long Buildup,Long Unwinding
2026-10-05 12:15,2026-10-06,18230745,4466020,3.5,0,91760175,23000,2872155,0,551.05,-328120,1335685,Short Buildup,Long Unwinding
2026-10-05 12:15,2026-10-06,10680475,1204970,1.95,0,62314200,23200,195845,0,760,-59215,404625,Short Buildup,Long Unwinding
2026-10-05 12:15,2026-10-06,6341335,1248650,1.3,0,27792895,23400,98020,0,959,-17810,533650,Short Buildup,Long Unwinding
2026-10-05 12:15,2026-10-06,4450095,-100230,0.9,0,18796505,23600,29640,0,1163.85,-11375,149890,Long Unwinding,Long Unwinding
2026-10-05 12:15,2026-10-06,3802240,-372905,0.7,0,12166700,23800,17420,0,1366.85,-8190,95680,Long Unwinding,Long Unwinding
2026-10-05 12:15,2026-10-06,7445945,-3653065,0.6,0,27457235,24000,93405,0,1549.85,-67600,426400,Long Unwinding,Long Unwinding
2026-10-05 12:15,2026-10-06,2140840,-389610,0.45,0,4425265,24200,8710,0,1684.55,-4680,84110,Long Unwinding,Long Unwinding
2026-10-05 12:15,2026-10-06,796900,-878410,0.45,0,2015065,24400,3510,0,1943.65,-1950,53235,Long Unwinding,Short Covering
2026-10-05 12:15,2026-10-06,417820,-800800,0.5,0,2256085,24600,10465,0,2069.85,-9815,7670,Long Unwinding,Long Unwinding
2026-10-05 12:15,2026-10-06,270465,-117845,0.4,0,502450,24800,780,0,2297.9,-195,11050,Long Unwinding,Long Unwinding
2026-10-05 12:15,2026-10-06,1637480,-507130,0.35,0,4700280,25000,30160,0,2550,-26195,73190,Long Unwinding,Long Unwinding
2026-10-05 12:15,2026-10-06,281580,5395,0.3,0,928915,25200,520,0,2550,-520,520,Short Buildup,Long Unwinding
2026-10-05 12:15,2026-10-06,38545,-4485,0.4,0,39585,25400,520,0,2800,-520,1560,Short Covering,Long Unwinding
2026-10-05 12:15,2026-10-06,121290,-19240,0.35,0,149110,25600,130,0,2443.05,-130,0,Long Unwinding,Long Unwinding
2026-10-05 12:15,2026-10-06,679315,120770,0.3,0,879840,25800,5395,0,3310,-4680,5395,Short Buildup,Long Unwinding
2026-10-05 12:15,2026-10-06,0,0,0,0,0,26000,0,0,0,0,0,N/A,N/A
2026-10-05 12:15,2026-10-06,0,0,0,0,0,26200,0,0,0,0,0,N/A,N/A
2026-10-05 12:15,2026-10-06,0,0,0,0,0,26400,0,0,0,0,0,N/A,N/A
2026-10-05 12:15,2026-10-06,0,0,0,0,0,26600,0,0,0,0,0,N/A,N/A
2026-10-05 12:15,2026-10-06,0,0,0,0,0,26800,0,0,0,0,0,N/A,N/A
2026-10-05 12:15,2026-10-06,0,0,0,0,0,27000,0,0,0,0,0,N/A,N/A
2026-10-05 12:15,2026-10-06,0,0,0,0,0,27200,0,0,0,0,0,N/A,N/A
2026-10-05 12:15,2026-10-06,0,0,0,0,0,27400,0,0,0,0,0,N/A,N/A
2026-10-05 12:15,2026-10-06,0,0,0,0,0,27600,0,0,0,0,0,N/A,N/A
2026-10-05 12:15,2026-10-06,0,0,0,0,0,27800,0,0,0,0,0,N/A,N/A
2026-10-05 12:15,2026-10-06,0,0,0,0,0,28000,0,0,0,0,0,N/A,N/A
2026-10-05 12:15,2026-10-06,0,0,0,0,0,28200,0,0,0,0,0,N/A,N/A
2026-10-05 12:15,2026-10-06,0,0,0,0,0,28400,0,0,0,0,0,N/A,N/A
2026-10-05 12:15,2026-10-06,0,0,0,0,0,28600,0,0,0,0,0,N/A,N/A
2026-10-05 12:15,2026-10-06,0,0,0,0,0,28800,0,0,0,0,0,N/A,N/A
2026-10-05 12:15,2026-10-06,0,0,0,0,0,29000,0,0,0,0,0,N/A,N/A
2026-10-05 12:15,2026-10-06,0,0,0,0,0,29200,0,0,0,0,0,N/A,N/A
2026-10-05 12:20,2026-10-06,7280,3380,1460,0,4940,21000,20780240,0,0.75,-962260,4750070,Short Buildup,Long Unwinding
2026-10-05 12:20,2026-10-06,0,0,0,0,0,21200,17881955,0,0.95,-8125,1957930,N/A,Long Unwinding
2026-10-05 12:20,2026-10-06,1300,0,1083.05,0,325,21400,27836770,0,1.2,-204165,2982330,N/A,Long Unwinding
2026-10-05 12:20,2026-10-06,4810,-65,873.1,0,1040,21600,63134890,0,2.05,1782820,4836715,Long Unwinding,Short Buildup
2026-10-05 12:20,2026-10-06,39390,-2340,652.1,0,39260,21800,94854045,0,3.8,2507960,8025615,Short Covering,Short Buildup
2026-10-05 12:20,2026-10-06,646685,-129220,470.9,0,2394080,22000,125042970,0,9.8,4510480,14568970,Short Covering,Short Buildup
2026-10-05 12:20,2026-10-06,755365,-85670,288.85,0,4137705,22200,146641170,0,27.95,3791255,10296585,Short Covering,Short Buildup
2026-10-05 12:20,2026-10-06,7304180,3740360,138.15,0,71420050,22400,338097110,0,77.6,12112230,16347890,Long Buildup,Short Buildup
2026-10-05 12:20,2026-10-06,24883950,18794555,45.3,0,392393950,22600,269285315,0,183.4,3358550,5871710,Long Buildup,Short Buildup
2026-10-05 12:20,2026-10-06,16038490,7095400,10.95,0,165503650,22800,15312635,0,349.45,-32175,1776190,Long Buildup,Long Unwinding
2026-10-05 12:20,2026-10-06,18388630,4623905,3.75,0,92999400,23000,2880735,0,541.25,-328705,1335100,Long Buildup,Long Unwinding
2026-10-05 12:20,2026-10-06,10483525,1008020,1.9,0,63215490,23200,200200,0,740,-60645,403195,Short Buildup,Long Unwinding
2026-10-05 12:20,2026-10-06,6336525,1243840,1.3,0,28322970,23400,98020,0,959,-17810,533650,Short Buildup,Long Unwinding
2026-10-05 12:20,2026-10-06,4421495,-128830,0.9,0,19021925,23600,29705,0,1140,-11440,149825,Long Unwinding,Long Unwinding
2026-10-05 12:20,2026-10-06,3800810,-374335,0.7,0,12198940,23800,17485,0,1347.15,-8255,95615,Long Unwinding,Long Unwinding
2026-10-05 12:20,2026-10-06,7382180,-3716830,0.65,0,27728090,24000,93860,0,1538.2,-69485,424515,Short Covering,Long Unwinding
2026-10-05 12:20,2026-10-06,2140840,-389610,0.5,0,4429490,24200,8710,0,1684.55,-4680,84110,Short Covering,Long Unwinding
2026-10-05 12:20,2026-10-06,796900,-878410,0.5,0,2017145,24400,3510,0,1943.65,-1950,53235,Short Covering,Long Unwinding
2026-10-05 12:20,2026-10-06,417820,-800800,0.45,0,2256215,24600,10465,0,2069.85,-9815,7670,Long Unwinding,Long Unwinding
2026-10-05 12:20,2026-10-06,270465,-117845,0.4,0,503425,24800,845,0,2352,-195,11050,Long Unwinding,Short Covering
2026-10-05 12:20,2026-10-06,1636700,-507910,0.3,0,4703465,25000,30485,0,2535,-26650,72735,Long Unwinding,Long Unwinding
2026-10-05 12:20,2026-10-06,281580,5395,0.3,0,928915,25200,520,0,2550,-520,520,Short Buildup,Long Unwinding
2026-10-05 12:20,2026-10-06,38545,-4485,0.4,0,39585,25400,520,0,2800,-520,1560,Long Unwinding,Long Unwinding
2026-10-05 12:20,2026-10-06,121290,-19240,0.35,0,149240,25600,130,0,2443.05,-130,0,Long Unwinding,Long Unwinding
2026-10-05 12:20,2026-10-06,680810,122265,0.35,0,894075,25800,5395,0,3310,-4680,5395,Long Buildup,Long Unwinding
2026-10-05 12:20,2026-10-06,0,0,0,0,0,26000,0,0,0,0,0,N/A,N/A
2026-10-05 12:20,2026-10-06,0,0,0,0,0,26200,0,0,0,0,0,N/A,N/A
2026-10-05 12:20,2026-10-06,0,0,0,0,0,26400,0,0,0,0,0,N/A,N/A
2026-10-05 12:20,2026-10-06,0,0,0,0,0,26600,0,0,0,0,0,N/A,N/A
2026-10-05 12:20,2026-10-06,0,0,0,0,0,26800,0,0,0,0,0,N/A,N/A
2026-10-05 12:20,2026-10-06,0,0,0,0,0,27000,0,0,0,0,0,N/A,N/A
2026-10-05 12:20,2026-10-06,0,0,0,0,0,27200,0,0,0,0,0,N/A,N/A
2026-10-05 12:20,2026-10-06,0,0,0,0,0,27400,0,0,0,0,0,N/A,N/A
2026-10-05 12:20,2026-10-06,0,0,0,0,0,27600,0,0,0,0,0,N/A,N/A
2026-10-05 12:20,2026-10-06,0,0,0,0,0,27800,0,0,0,0,0,N/A,N/A
2026-10-05 12:20,2026-10-06,0,0,0,0,0,28000,0,0,0,0,0,N/A,N/A
2026-10-05 12:20,2026-10-06,0,0,0,0,0,28200,0,0,0,0,0,N/A,N/A
2026-10-05 12:20,2026-10-06,0,0,0,0,0,28400,0,0,0,0,0,N/A,N/A
2026-10-05 12:20,2026-10-06,0,0,0,0,0,28600,0,0,0,0,0,N/A,N/A
2026-10-05 12:20,2026-10-06,0,0,0,0,0,28800,0,0,0,0,0,N/A,N/A
2026-10-05 12:20,2026-10-06,0,0,0,0,0,29000,0,0,0,0,0,N/A,N/A
2026-10-05 12:20,2026-10-06,0,0,0,0,0,29200,0,0,0,0,0,N/A,N/A
2026-10-05 12:25,2026-10-06,7475,3575,1460,0,5265,21000,20851025,0,0.7,-969020,4743310,Short Buildup,Long Unwinding
2026-10-05 12:25,2026-10-06,0,0,0,0,0,21200,18168150,0,0.9,-75205,1890850,N/A,Long Unwinding
2026-10-05 12:25,2026-10-06,1300,0,1083.05,0,325,21400,28037165,0,1.3,-220935,2965560,N/A,Short Covering
2026-10-05 12:25,2026-10-06,4810,-65,873.1,0,1040,21600,63989835,0,2,1820715,4874610,Long Unwinding,Short Buildup
2026-10-05 12:25,2026-10-06,39000,-2730,666.6,0,39910,21800,96833425,0,3.55,2587650,8105305,Short Covering,Short Buildup
2026-10-05 12:25,2026-10-06,636155,-139750,478.3,0,2432170,22000,127550280,0,9,4167800,14226290,Short Covering,Short Buildup
2026-10-05 12:25,2026-10-06,737230,-103805,295.85,0,4274660,22200,151531900,0,25.9,4047160,10552490,Short Covering,Short Buildup
2026-10-05 12:25,2026-10-06,7269860,3706040,142,0,76121760,22400,347908015,0,73.3,11999195,16234855,Long Buildup,Short Buildup
2026-10-05 12:25,2026-10-06,24720410,18631015,47.35,0,399235785,22600,270856105,0,176.85,3386370,5899530,Long Buildup,Short Buildup
2026-10-05 12:25,2026-10-06,16512470,7569380,11.35,0,168619490,22800,15387840,0,341,-35945,1772420,Long Buildup,Long Unwinding
2026-10-05 12:25,2026-10-06,18329545,4564820,3.85,0,94390595,23000,2893280,0,531.85,-327990,1335815,Long Buildup,Long Unwinding
2026-10-05 12:25,2026-10-06,10459800,984295,1.95,0,63993215,23200,203515,0,735,-63570,400270,Long Buildup,Long Unwinding
2026-10-05 12:25,2026-10-06,6386900,1294215,1.25,0,28537080,23400,101660,0,929.9,-19370,532090,Short Buildup,Long Unwinding
2026-10-05 12:25,2026-10-06,4435860,-114465,0.95,0,19294145,23600,31720,0,1130,-12220,149045,Short Covering,Long Unwinding
2026-10-05 12:25,2026-10-06,3798080,-377065,0.75,0,12340965,23800,17615,0,1336.1,-8320,95550,Short Covering,Long Unwinding
2026-10-05 12:25,2026-10-06,7349875,-3749135,0.55,0,27792960,24000,94510,0,1535.05,-70460,423540,Long Unwinding,Long Unwinding
2026-10-05 12:25,2026-10-06,2073565,-456885,0.45,0,4510805,24200,8710,0,1684.55,-4680,84110,Long Unwinding,Long Unwinding
2026-10-05 12:25,2026-10-06,796185,-879125,0.45,0,2020135,24400,4550,0,1931.4,-2210,52975,Long Unwinding,Long Unwinding
2026-10-05 12:25,2026-10-06,417690,-800930,0.5,0,2256475,24600,10465,0,2069.85,-9815,7670,Short Covering,Long Unwinding
2026-10-05 12:25,2026-10-06,270465,-117845,0.4,0,503425,24800,845,0,2352,-195,11050,Long Unwinding,Long Unwinding
2026-10-05 12:25,2026-10-06,1636635,-507975,0.35,0,4707820,25000,31135,0,2535,-26390,72995,Short Covering,Long Unwinding
2026-10-05 12:25,2026-10-06,281580,5395,0.3,0,928915,25200,520,0,2550,-520,520,Short Buildup,Long Unwinding
2026-10-05 12:25,2026-10-06,38545,-4485,0.4,0,39585,25400,520,0,2800,-520,1560,Long Unwinding,Long Unwinding
2026-10-05 12:25,2026-10-06,121290,-19240,0.35,0,149240,25600,130,0,2443.05,-130,0,Long Unwinding,Long Unwinding
2026-10-05 12:25,2026-10-06,683020,124475,0.3,0,898170,25800,5395,0,3310,-4680,5395,Short Buildup,Long Unwinding
2026-10-05 12:25,2026-10-06,0,0,0,0,0,26000,0,0,0,0,0,N/A,N/A
2026-10-05 12:25,2026-10-06,0,0,0,0,0,26200,0,0,0,0,0,N/A,N/A
2026-10-05 12:25,2026-10-06,0,0,0,0,0,26400,0,0,0,0,0,N/A,N/A
2026-10-05 12:25,2026-10-06,0,0,0,0,0,26600,0,0,0,0,0,N/A,N/A
2026-10-05 12:25,2026-10-06,0,0,0,0,0,26800,0,0,0,0,0,N/A,N/A
2026-10-05 12:25,2026-10-06,0,0,0,0,0,27000,0,0,0,0,0,N/A,N/A
2026-10-05 12:25,2026-10-06,0,0,0,0,0,27200,0,0,0,0,0,N/A,N/A
2026-10-05 12:25,2026-10-06,0,0,0,0,0,27400,0,0,0,0,0,N/A,N/A
2026-10-05 12:25,2026-10-06,0,0,0,0,0,27600,0,0,0,0,0,N/A,N/A
2026-10-05 12:25,2026-10-06,0,0,0,0,0,27800,0,0,0,0,0,N/A,N/A
2026-10-05 12:25,2026-10-06,0,0,0,0,0,28000,0,0,0,0,0,N/A,N/A
2026-10-05 12:25,2026-10-06,0,0,0,0,0,28200,0,0,0,0,0,N/A,N/A
2026-10-05 12:25,2026-10-06,0,0,0,0,0,28400,0,0,0,0,0,N/A,N/A
2026-10-05 12:25,2026-10-06,0,0,0,0,0,28600,0,0,0,0,0,N/A,N/A
2026-10-05 12:25,2026-10-06,0,0,0,0,0,28800,0,0,0,0,0,N/A,N/A
2026-10-05 12:25,2026-10-06,0,0,0,0,0,29000,0,0,0,0,0,N/A,N/A
2026-10-05 12:25,2026-10-06,0,0,0,0,0,29200,0,0,0,0,0,N/A,N/A
2026-10-05 12:30,2026-10-06,7670,3770,1475,0,5460,21000,21205990,0,0.7,-1032070,4680260,Long Buildup,Long Unwinding
2026-10-05 12:30,2026-10-06,0,0,0,0,0,21200,18257330,0,0.9,-58630,1907425,N/A,Long Unwinding
2026-10-05 12:30,2026-10-06,1300,0,1083.05,0,325,21400,28324855,0,1.15,-213720,2972775,N/A,Long Unwinding
2026-10-05 12:30,2026-10-06,4810,-65,873.1,0,1040,21600,65204620,0,1.8,1688960,4742855,Long Unwinding,Short Buildup
2026-10-05 12:30,2026-10-06,38545,-3185,686.1,0,40755,21800,98268105,0,3.25,2558205,8075860,Short Covering,Short Buildup
2026-10-05 12:30,2026-10-06,631540,-144365,488.8,0,2455050,22000,130226265,0,8.2,4309240,14367730,Short Covering,Short Buildup
2026-10-05 12:30,2026-10-06,739765,-101270,304.5,0,4398225,22200,154945895,0,23.8,4123080,10628410,Short Covering,Short Buildup
2026-10-05 12:30,2026-10-06,7185295,3621475,147.6,0,80092675,22400,358418580,0,68.2,12569375,16805035,Long Buildup,Short Buildup
2026-10-05 12:30,2026-10-06,24550760,18461365,48.9,0,407419870,22600,272799605,0,168.95,3517345,6030505,Long Buildup,Short Buildup
2026-10-05 12:30,2026-10-06,16815565,7872475,11.55,0,171726555,22800,15489825,0,330.8,-32175,1776190,Long Buildup,Long Unwinding
2026-10-05 12:30,2026-10-06,18433220,4668495,3.95,0,95367480,23000,2912975,0,523.4,-326365,1337440,Long Buildup,Long Unwinding
2026-10-05 12:30,2026-10-06,10456745,981240,2,0,64778545,23200,204425,0,720.95,-63895,399945,Long Buildup,Long Unwinding
2026-10-05 12:30,2026-10-06,6407830,1315145,1.25,0,28830035,23400,101920,0,918.7,-19435,532025,Short Buildup,Long Unwinding
2026-10-05 12:30,2026-10-06,4441190,-109135,0.9,0,19680180,23600,35100,0,1130,-14430,146835,Long Unwinding,Long Unwinding
2026-10-05 12:30,2026-10-06,3795675,-379470,0.75,0,12450035,23800,17940,0,1320.1,-8580,95290,Long Unwinding,Long Unwinding
2026-10-05 12:30,2026-10-06,7315945,-3783065,0.55,0,27829425,24000,94770,0,1530,-70655,423345,Long Unwinding,Long Unwinding
2026-10-05 12:30,2026-10-06,2064985,-465465,0.5,0,4533360,24200,8710,0,1684.55,-4680,84110,Short Covering,Long Unwinding
2026-10-05 12:30,2026-10-06,796445,-878865,0.45,0,2026505,24400,5850,0,1924.35,-2210,52975,Long Unwinding,Long Unwinding
2026-10-05 12:30,2026-10-06,417690,-800930,0.5,0,2256475,24600,10465,0,2069.85,-9815,7670,Long Unwinding,Long Unwinding
2026-10-05 12:30,2026-10-06,271115,-117195,0.4,0,506025,24800,975,0,2328.6,-325,10920,Long Unwinding,Long Unwinding
2026-10-05 12:30,2026-10-06,1635660,-508950,0.3,0,4870060,25000,31850,0,2523,-26975,72410,Long Unwinding,Long Unwinding
2026-10-05 12:30,2026-10-06,281580,5395,0.3,0,932295,25200,520,0,2550,-520,520,Short Buildup,Long Unwinding
2026-10-05 12:30,2026-10-06,38545,-4485,0.4,0,39585,25400,520,0,2800,-520,1560,Long Unwinding,Long Unwinding
2026-10-05 12:30,2026-10-06,121290,-19240,0.4,0,149695,25600,130,0,2443.05,-130,0,Short Covering,Long Unwinding
2026-10-05 12:30,2026-10-06,683410,124865,0.35,0,901225,25800,5395,0,3310,-4680,5395,Long Buildup,Long Unwinding
2026-10-05 12:30,2026-10-06,0,0,0,0,0,26000,0,0,0,0,0,N/A,N/A
2026-10-05 12:30,2026-10-06,0,0,0,0,0,26200,0,0,0,0,0,N/A,N/A
2026-10-05 12:30,2026-10-06,0,0,0,0,0,26400,0,0,0,0,0,N/A,N/A
2026-10-05 12:30,2026-10-06,0,0,0,0,0,26600,0,0,0,0,0,N/A,N/A
2026-10-05 12:30,2026-10-06,0,0,0,0,0,26800,0,0,0,0,0,N/A,N/A
2026-10-05 12:30,2026-10-06,0,0,0,0,0,27000,0,0,0,0,0,N/A,N/A
2026-10-05 12:30,2026-10-06,0,0,0,0,0,27200,0,0,0,0,0,N/A,N/A
2026-10-05 12:30,2026-10-06,0,0,0,0,0,27400,0,0,0,0,0,N/A,N/A
2026-10-05 12:30,2026-10-06,0,0,0,0,0,27600,0,0,0,0,0,N/A,N/A
2026-10-05 12:30,2026-10-06,0,0,0,0,0,27800,0,0,0,0,0,N/A,N/A
2026-10-05 12:30,2026-10-06,0,0,0,0,0,28000,0,0,0,0,0,N/A,N/A
2026-10-05 12:30,2026-10-06,0,0,0,0,0,28200,0,0,0,0,0,N/A,N/A
2026-10-05 12:30,2026-10-06,0,0,0,0,0,28400,0,0,0,0,0,N/A,N/A
2026-10-05 12:30,2026-10-06,0,0,0,0,0,28600,0,0,0,0,0,N/A,N/A
2026-10-05 12:30,2026-10-06,0,0,0,0,0,28800,0,0,0,0,0,N/A,N/A
2026-10-05 12:30,2026-10-06,0,0,0,0,0,29000,0,0,0,0,0,N/A,N/A
2026-10-05 12:30,2026-10-06,0,0,0,0,0,29200,0,0,0,0,0,N/A,N/A
2026-10-05 12:35,2026-10-06,7930,4030,1465,0,5720,21000,21305310,0,0.65,-1060605,4651725,Short Buildup,Long Unwinding
2026-10-05 12:35,2026-10-06,0,0,0,0,0,21200,18282355,0,0.9,-58630,1907425,N/A,Long Unwinding
2026-10-05 12:35,2026-10-06,1300,0,1083.05,0,325,21400,28493140,0,1.2,-224445,2962050,N/A,Short Covering
2026-10-05 12:35,2026-10-06,4810,-65,873.1,0,1040,21600,66511770,0,1.85,1534000,4587895,Long Unwinding,Long Buildup
2026-10-05 12:35,2026-10-06,38545,-3185,670,0,40820,21800,99357635,0,3.4,2587780,8105435,Long Unwinding,Long Buildup
2026-10-05 12:35,2026-10-06,628420,-147485,487,0,2464865,22000,132142270,0,8.55,4449510,14508000,Long Unwinding,Long Buildup
2026-10-05 12:35,2026-10-06,732810,-108225,303.05,0,4479085,22200,157624740,0,24.4,4343625,10848955,Long Unwinding,Long Buildup
2026-10-05 12:35,2026-10-06,7159555,3595735,147.3,0,82178200,22400,365865955,0,69.35,13863070,18098730,Short Buildup,Long Buildup
2026-10-05 12:35,2026-10-06,24500970,18411575,48.6,0,411837075,22600,274166555,0,170,3622775,6135935,Short Buildup,Long Buildup
2026-10-05 12:35,2026-10-06,16820050,7876960,11.45,0,173476160,22800,15555020,0,332.6,-24830,1783535,Short Buildup,Short Covering
2026-10-05 12:35,2026-10-06,18380245,4615520,3.85,0,96179590,23000,2923895,0,529.5,-328965,1334840,Short Buildup,Short Covering
2026-10-05 12:35,2026-10-06,10426520,951015,2,0,65047645,23200,205595,0,737.05,-65910,397930,Short Buildup,Short Covering
2026-10-05 12:35,2026-10-06,6416280,1323595,1.3,0,29034915,23400,102050,0,922,-19630,531830,Long Buildup,Short Covering
2026-10-05 12:35,2026-10-06,4334135,-216190,0.9,0,19835075,23600,35295,0,1125,-15080,146185,Long Unwinding,Long Unwinding
2026-10-05 12:35,2026-10-06,3795610,-379535,0.75,0,12552085,23800,18200,0,1333.75,-8775,95095,Long Unwinding,Short Covering
2026-10-05 12:35,2026-10-06,7305480,-3793530,0.6,0,27853930,24000,95615,0,1536.05,-70980,423020,Short Covering,Short Covering
2026-10-05 12:35,2026-10-06,2061930,-468520,0.5,0,4550195,24200,8710,0,1684.55,-4680,84110,Long Unwinding,Long Unwinding
2026-10-05 12:35,2026-10-06,798070,-877240,0.45,0,2041975,24400,5850,0,1924.35,-2210,52975,Long Unwinding,Long Unwinding
2026-10-05 12:35,2026-10-06,408460,-810160,0.45,0,2272920,24600,10465,0,2069.85,-9815,7670,Long Unwinding,Long Unwinding
2026-10-05 12:35,2026-10-06,271115,-117195,0.4,0,510575,24800,975,0,2328.6,-325,10920,Long Unwinding,Long Unwinding
2026-10-05 12:35,2026-10-06,1635660,-508950,0.3,0,4872400,25000,32110,0,2530,-26715,72670,Long Unwinding,Short Covering
2026-10-05 12:35,2026-10-06,281580,5395,0.3,0,932425,25200,520,0,2550,-520,520,Short Buildup,Long Unwinding
2026-10-05 12:35,2026-10-06,38545,-4485,0.35,0,40040,25400,520,0,2800,-520,1560,Long Unwinding,Long Unwinding
2026-10-05 12:35,2026-10-06,121290,-19240,0.35,0,156975,25600,130,0,2443.05,-130,0,Long Unwinding,Long Unwinding
2026-10-05 12:35,2026-10-06,684060,125515,0.3,0,902980,25800,5395,0,3310,-4680,5395,Short Buildup,Long Unwinding
2026-10-05 12:35,2026-10-06,0,0,0,0,0,26000,0,0,0,0,0,N/A,N/A
2026-10-05 12:35,2026-10-06,0,0,0,0,0,26200,0,0,0,0,0,N/A,N/A
2026-10-05 12:35,2026-10-06,0,0,0,0,0,26400,0,0,0,0,0,N/A,N/A
2026-10-05 12:35,2026-10-06,0,0,0,0,0,26600,0,0,0,0,0,N/A,N/A
2026-10-05 12:35,2026-10-06,0,0,0,0,0,26800,0,0,0,0,0,N/A,N/A
2026-10-05 12:35,2026-10-06,0,0,0,0,0,27000,0,0,0,0,0,N/A,N/A
2026-10-05 12:35,2026-10-06,0,0,0,0,0,27200,0,0,0,0,0,N/A,N/A
2026-10-05 12:35,2026-10-06,0,0,0,0,0,27400,0,0,0,0,0,N/A,N/A
2026-10-05 12:35,2026-10-06,0,0,0,0,0,27600,0,0,0,0,0,N/A,N/A
2026-10-05 12:35,2026-10-06,0,0,0,0,0,27800,0,0,0,0,0,N/A,N/A
2026-10-05 12:35,2026-10-06,0,0,0,0,0,28000,0,0,0,0,0,N/A,N/A
2026-10-05 12:35,2026-10-06,0,0,0,0,0,28200,0,0,0,0,0,N/A,N/A
2026-10-05 12:35,2026-10-06,0,0,0,0,0,28400,0,0,0,0,0,N/A,N/A
2026-10-05 12:35,2026-10-06,0,0,0,0,0,28600,0,0,0,0,0,N/A,N/A
2026-10-05 12:35,2026-10-06,0,0,0,0,0,28800,0,0,0,0,0,N/A,N/A
2026-10-05 12:35,2026-10-06,0,0,0,0,0,29000,0,0,0,0,0,N/A,N/A
2026-10-05 12:35,2026-10-06,0,0,0,0,0,29200,0,0,0,0,0,N/A,N/A
2026-10-05 12:40,2026-10-06,8125,4225,1475,0,5980,21000,21402680,0,0.65,-1070030,4642300,Long Buildup,Long Unwinding
2026-10-05 12:40,2026-10-06,0,0,0,0,0,21200,18288725,0,0.9,-60125,1905930,N/A,Long Unwinding
2026-10-05 12:40,2026-10-06,1300,0,1083.05,0,325,21400,28536950,0,1.25,-223470,2963025,N/A,Short Covering
2026-10-05 12:40,2026-10-06,4810,-65,873.1,0,1040,21600,67402920,0,1.85,1621295,4675190,Long Unwinding,Short Buildup
2026-10-05 12:40,2026-10-06,39715,-2015,674.8,0,42380,21800,100873370,0,3.5,2697305,8214960,Short Covering,Long Buildup
2026-10-05 12:40,2026-10-06,627510,-148395,490,0,2471950,22000,134145830,0,8.75,4590170,14648660,Short Covering,Long Buildup
2026-10-05 12:40,2026-10-06,744575,-96460,304.8,0,4559815,22200,160164940,0,24.9,4415385,10920715,Short Covering,Long Buildup
2026-10-05 12:40,2026-10-06,7115810,3551990,148.75,0,84121115,22400,371801495,0,69.35,14178125,18413785,Long Buildup,Short Buildup
2026-10-05 12:40,2026-10-06,24446955,18357560,49.35,0,415650625,22600,275201160,0,168.9,3659565,6172725,Long Buildup,Short Buildup
2026-10-05 12:40,2026-10-06,16868280,7925190,11.5,0,174918120,22800,15619760,0,332.6,-30290,1778075,Long Buildup,Long Unwinding
2026-10-05 12:40,2026-10-06,18411510,4646785,3.9,0,96777850,23000,2940210,0,522.75,-324610,1339195,Long Buildup,Long Unwinding
2026-10-05 12:40,2026-10-06,10431980,956475,2,0,65201500,23200,206895,0,722.95,-65910,397930,Short Buildup,Long Unwinding
2026-10-05 12:40,2026-10-06,6425250,1332565,1.25,0,29105830,23400,102115,0,921.6,-19695,531765,Short Buildup,Long Unwinding
2026-10-05 12:40,2026-10-06,4333485,-216840,0.9,0,20050355,23600,35945,0,1125,-15275,145990,Long Unwinding,Long Unwinding
2026-10-05 12:40,2026-10-06,3809780,-365365,0.7,0,12564695,23800,18200,0,1333.75,-8775,95095,Long Unwinding,Long Unwinding
2026-10-05 12:40,2026-10-06,7285980,-3813030,0.6,0,27911260,24000,95810,0,1524.5,-71630,422370,Long Unwinding,Long Unwinding
2026-10-05 12:40,2026-10-06,2062255,-468195,0.45,0,4577430,24200,8710,0,1684.55,-4680,84110,Long Unwinding,Long Unwinding
2026-10-05 12:40,2026-10-06,797745,-877565,0.45,0,2059915,24400,6305,0,1928,-2405,52780,Long Unwinding,Short Covering
2026-10-05 12:40,2026-10-06,416325,-802295,0.45,0,2283775,24600,10465,0,2069.85,-9815,7670,Long Unwinding,Long Unwinding
2026-10-05 12:40,2026-10-06,270595,-117715,0.4,0,512915,24800,1040,0,2333.3,-390,10855,Long Unwinding,Short Covering
2026-10-05 12:40,2026-10-06,1635335,-509275,0.3,0,4955535,25000,32305,0,2522,-26585,72800,Long Unwinding,Long Unwinding
2026-10-05 12:40,2026-10-06,281580,5395,0.3,0,932425,25200,520,0,2550,-520,520,Short Buildup,Long Unwinding
2026-10-05 12:40,2026-10-06,38545,-4485,0.35,0,40495,25400,585,0,2925,0,2080,Long Unwinding,N/A
2026-10-05 12:40,2026-10-06,121290,-19240,0.35,0,159835,25600,130,0,2443.05,-130,0,Long Unwinding,Long Unwinding
2026-10-05 12:40,2026-10-06,684710,126165,0.3,0,903890,25800,5395,0,3310,-4680,5395,Short Buildup,Long Unwinding
2026-10-05 12:40,2026-10-06,0,0,0,0,0,26000,0,0,0,0,0,N/A,N/A
2026-10-05 12:40,2026-10-06,0,0,0,0,0,26200,0,0,0,0,0,N/A,N/A
2026-10-05 12:40,2026-10-06,0,0,0,0,0,26400,0,0,0,0,0,N/A,N/A
2026-10-05 12:40,2026-10-06,0,0,0,0,0,26600,0,0,0,0,0,N/A,N/A
2026-10-05 12:40,2026-10-06,0,0,0,0,0,26800,0,0,0,0,0,N/A,N/A
2026-10-05 12:40,2026-10-06,0,0,0,0,0,27000,0,0,0,0,0,N/A,N/A
2026-10-05 12:40,2026-10-06,0,0,0,0,0,27200,0,0,0,0,0,N/A,N/A
2026-10-05 12:40,2026-10-06,0,0,0,0,0,27400,0,0,0,0,0,N/A,N/A
2026-10-05 12:40,2026-10-06,0,0,0,0,0,27600,0,0,0,0,0,N/A,N/A
2026-10-05 12:40,2026-10-06,0,0,0,0,0,27800,0,0,0,0,0,N/A,N/A
2026-10-05 12:40,2026-10-06,0,0,0,0,0,28000,0,0,0,0,0,N/A,N/A
2026-10-05 12:40,2026-10-06,0,0,0,0,0,28200,0,0,0,0,0,N/A,N/A
2026-10-05 12:40,2026-10-06,0,0,0,0,0,28400,0,0,0,0,0,N/A,N/A
2026-10-05 12:40,2026-10-06,0,0,0,0,0,28600,0,0,0,0,0,N/A,N/A
2026-10-05 12:40,2026-10-06,0,0,0,0,0,28800,0,0,0,0,0,N/A,N/A
2026-10-05 12:40,2026-10-06,0,0,0,0,0,29000,0,0,0,0,0,N/A,N/A
2026-10-05 12:40,2026-10-06,0,0,0,0,0,29200,0,0,0,0,0,N/A,N/A
2026-10-05 12:45,2026-10-06,8255,4355,1478,0,6045,21000,21472165,0,0.7,-1076660,4635670,Long Buildup,Short Covering
2026-10-05 12:45,2026-10-06,0,0,0,0,0,21200,18331235,0,0.95,-60190,1905865,N/A,Short Covering
2026-10-05 12:45,2026-10-06,1300,0,1083.05,0,325,21400,28648100,0,1.25,-246610,2939885,N/A,Long Unwinding
2026-10-05 12:45,2026-10-06,4810,-65,873.1,0,1040,21600,68091790,0,1.8,1709175,4763070,Long Unwinding,Short Buildup
2026-10-05 12:45,2026-10-06,39585,-2145,688,0,43160,21800,102610365,0,3.15,2709720,8227375,Short Covering,Short Buildup
2026-10-05 12:45,2026-10-06,629460,-146445,488.85,0,2486510,22000,136372860,0,7.95,4560140,14618630,Long Unwinding,Short Buildup
2026-10-05 12:45,2026-10-06,749710,-91325,303.75,0,4668040,22200,163449130,0,23.35,4307355,10812685,Long Unwinding,Short Buildup
2026-10-05 12:45,2026-10-06,6772805,3208985,147.35,0,86819200,22400,378141920,0,67.8,13845130,18080790,Short Buildup,Short Buildup
2026-10-05 12:45,2026-10-06,24479585,18390190,49,0,421877040,22600,276497650,0,167.65,3693950,6207110,Short Buildup,Short Buildup
2026-10-05 12:45,2026-10-06,17017650,8074560,11.5,0,177757190,22800,15688335,0,331,-17355,1791010,Short Buildup,Long Unwinding
2026-10-05 12:45,2026-10-06,18426915,4662190,3.9,0,97749145,23000,2956070,0,523.3,-323830,1339975,Short Buildup,Short Covering
2026-10-05 12:45,2026-10-06,10488790,1013285,2.05,0,65910975,23200,208130,0,720.6,-65780,398060,Long Buildup,Long Unwinding
2026-10-05 12:45,2026-10-06,6446310,1353625,1.3,0,29418545,23400,103155,0,919.55,-19955,531505,Long Buildup,Long Unwinding
2026-10-05 12:45,2026-10-06,4359615,-190710,0.9,0,20243795,23600,37700,0,1120,-16705,144560,Long Unwinding,Long Unwinding
2026-10-05 12:45,2026-10-06,3809520,-365625,0.7,0,12647245,23800,18525,0,1320.25,-9165,94705,Long Unwinding,Long Unwinding
2026-10-05 12:45,2026-10-06,7285980,-3813030,0.6,0,27960790,24000,96395,0,1517,-72085,421915,Long Unwinding,Long Unwinding
2026-10-05 12:45,2026-10-06,2034045,-496405,0.45,0,4658940,24200,8970,0,1720,-4810,83980,Long Unwinding,Short Covering
2026-10-05 12:45,2026-10-06,796445,-878865,0.4,0,2062190,24400,6305,0,1928,-2405,52780,Long Unwinding,Long Unwinding
2026-10-05 12:45,2026-10-06,424645,-793975,0.45,0,2317575,24600,10465,0,2069.85,-9815,7670,Long Unwinding,Long Unwinding
2026-10-05 12:45,2026-10-06,269880,-118430,0.4,0,514150,24800,1040,0,2333.3,-390,10855,Long Unwinding,Long Unwinding
2026-10-05 12:45,2026-10-06,1578850,-565760,0.3,0,5017870,25000,33020,0,2520,-26650,72735,Long Unwinding,Long Unwinding
2026-10-05 12:45,2026-10-06,281580,5395,0.3,0,932425,25200,520,0,2550,-520,520,Short Buildup,Long Unwinding
2026-10-05 12:45,2026-10-06,44915,1885,0.3,0,47775,25400,585,0,2925,0,2080,Short Buildup,N/A
2026-10-05 12:45,2026-10-06,122135,-18395,0.35,0,164710,25600,130,0,2443.05,-130,0,Long Unwinding,Long Unwinding
2026-10-05 12:45,2026-10-06,684775,126230,0.3,0,907205,25800,5395,0,3310,-4680,5395,Short Buildup,Long Unwinding
2026-10-05 12:45,2026-10-06,0,0,0,0,0,26000,0,0,0,0,0,N/A,N/A
2026-10-05 12:45,2026-10-06,0,0,0,0,0,26200,0,0,0,0,0,N/A,N/A
2026-10-05 12:45,2026-10-06,0,0,0,0,0,26400,0,0,0,0,0,N/A,N/A
2026-10-05 12:45,2026-10-06,0,0,0,0,0,26600,0,0,0,0,0,N/A,N/A
2026-10-05 12:45,2026-10-06,0,0,0,0,0,26800,0,0,0,0,0,N/A,N/A
2026-10-05 12:45,2026-10-06,0,0,0,0,0,27000,0,0,0,0,0,N/A,N/A
2026-10-05 12:45,2026-10-06,0,0,0,0,0,27200,0,0,0,0,0,N/A,N/A
2026-10-05 12:45,2026-10-06,0,0,0,0,0,27400,0,0,0,0,0,N/A,N/A
2026-10-05 12:45,2026-10-06,0,0,0,0,0,27600,0,0,0,0,0,N/A,N/A
2026-10-05 12:45,2026-10-06,0,0,0,0,0,27800,0,0,0,0,0,N/A,N/A
2026-10-05 12:45,2026-10-06,0,0,0,0,0,28000,0,0,0,0,0,N/A,N/A
2026-10-05 12:45,2026-10-06,0,0,0,0,0,28200,0,0,0,0,0,N/A,N/A
2026-10-05 12:45,2026-10-06,0,0,0,0,0,28400,0,0,0,0,0,N/A,N/A
2026-10-05 12:45,2026-10-06,0,0,0,0,0,28600,0,0,0,0,0,N/A,N/A
2026-10-05 12:45,2026-10-06,0,0,0,0,0,28800,0,0,0,0,0,N/A,N/A
2026-10-05 12:45,2026-10-06,0,0,0,0,0,29000,0,0,0,0,0,N/A,N/A
2026-10-05 12:45,2026-10-06,0,0,0,0,0,29200,0,0,0,0,0,N/A,N/A
2026-10-05 12:50,2026-10-06,8320,4420,1516.8,0,6175,21000,21589555,0,0.65,-1051635,4660695,Long Buildup,Long Unwinding
2026-10-05 12:50,2026-10-06,0,0,0,0,0,21200,18510635,0,0.9,-73450,1892605,N/A,Long Unwinding
2026-10-05 12:50,2026-10-06,1300,0,1083.05,0,325,21400,28822560,0,1.2,-282685,2903810,N/A,Long Unwinding
2026-10-05 12:50,2026-10-06,4810,-65,873.1,0,1040,21600,68717740,0,1.75,1599065,4652960,Long Unwinding,Short Buildup
2026-10-05 12:50,2026-10-06,38870,-2860,698.55,0,45175,21800,104716235,0,2.9,2672410,8190065,Short Covering,Short Buildup
2026-10-05 12:50,2026-10-06,623740,-152165,499.1,0,2513095,22000,139604920,0,7.4,4629560,14688050,Short Covering,Short Buildup
2026-10-05 12:50,2026-10-06,718380,-122655,314.2,0,4843800,22200,167834485,0,21.7,4132570,10637900,Short Covering,Short Buildup
2026-10-05 12:50,2026-10-06,6410625,2846805,155.8,0,91165100,22400,387141105,0,62.75,12411230,16646890,Long Buildup,Short Buildup
2026-10-05 12:50,2026-10-06,24440130,18350735,52.65,0,430960075,22600,278436795,0,158.8,3652285,6165445,Long Buildup,Short Buildup
2026-10-05 12:50,2026-10-06,17069520,8126430,12.3,0,181296440,22800,15836665,0,320.25,-13650,1794715,Long Buildup,Long Unwinding
2026-10-05 12:50,2026-10-06,18370300,4605575,3.95,0,98994285,23000,2977325,0,513.75,-326235,1337570,Long Buildup,Long Unwinding
2026-10-05 12:50,2026-10-06,10609820,1134315,1.95,0,66620320,23200,208910,0,710,-65975,397865,Short Buildup,Long Unwinding
2026-10-05 12:50,2026-10-06,6399835,1307150,1.3,0,30044820,23400,103155,0,919.55,-19955,531505,Short Buildup,Long Unwinding
2026-10-05 12:50,2026-10-06,4388150,-162175,0.9,0,20342205,23600,37960,0,1112.1,-17030,144235,Long Unwinding,Long Unwinding
2026-10-05 12:50,2026-10-06,3811925,-363220,0.65,0,12663430,23800,18850,0,1300,-9230,94640,Long Unwinding,Long Unwinding
2026-10-05 12:50,2026-10-06,7289165,-3809845,0.6,0,27993680,24000,97110,0,1500,-72280,421720,Long Unwinding,Long Unwinding
2026-10-05 12:50,2026-10-06,2027480,-502970,0.45,0,4671225,24200,9230,0,1706,-5070,83720,Long Unwinding,Long Unwinding
2026-10-05 12:50,2026-10-06,796445,-878865,0.4,0,2063815,24400,6305,0,1928,-2405,52780,Long Unwinding,Long Unwinding
2026-10-05 12:50,2026-10-06,424580,-794040,0.4,0,2320110,24600,10465,0,2069.85,-9815,7670,Long Unwinding,Long Unwinding
2026-10-05 12:50,2026-10-06,269880,-118430,0.35,0,514280,24800,1040,0,2333.3,-390,10855,Long Unwinding,Long Unwinding
2026-10-05 12:50,2026-10-06,1578330,-566280,0.25,0,5021185,25000,33865,0,2510,-27365,72020,Long Unwinding,Long Unwinding
2026-10-05 12:50,2026-10-06,281580,5395,0.35,0,932490,25200,520,0,2550,-520,520,Long Buildup,Long Unwinding
2026-10-05 12:50,2026-10-06,44915,1885,0.3,0,47905,25400,585,0,2925,0,2080,Short Buildup,N/A
2026-10-05 12:50,2026-10-06,125190,-15340,0.35,0,168740,25600,130,0,2443.05,-130,0,Long Unwinding,Long Unwinding
2026-10-05 12:50,2026-10-06,685165,126620,0.3,0,910130,25800,5395,0,3310,-4680,5395,Short Buildup,Long Unwinding
2026-10-05 12:50,2026-10-06,0,0,0,0,0,26000,0,0,0,0,0,N/A,N/A
2026-10-05 12:50,2026-10-06,0,0,0,0,0,26200,0,0,0,0,0,N/A,N/A
2026-10-05 12:50,2026-10-06,0,0,0,0,0,26400,0,0,0,0,0,N/A,N/A
2026-10-05 12:50,2026-10-06,0,0,0,0,0,26600,0,0,0,0,0,N/A,N/A
2026-10-05 12:50,2026-10-06,0,0,0,0,0,26800,0,0,0,0,0,N/A,N/A
2026-10-05 12:50,2026-10-06,0,0,0,0,0,27000,0,0,0,0,0,N/A,N/A
2026-10-05 12:50,2026-10-06,0,0,0,0,0,27200,0,0,0,0,0,N/A,N/A
2026-10-05 12:50,2026-10-06,0,0,0,0,0,27400,0,0,0,0,0,N/A,N/A
2026-10-05 12:50,2026-10-06,0,0,0,0,0,27600,0,0,0,0,0,N/A,N/A
2026-10-05 12:50,2026-10-06,0,0,0,0,0,27800,0,0,0,0,0,N/A,N/A
2026-10-05 12:50,2026-10-06,0,0,0,0,0,28000,0,0,0,0,0,N/A,N/A
2026-10-05 12:50,2026-10-06,0,0,0,0,0,28200,0,0,0,0,0,N/A,N/A
2026-10-05 12:50,2026-10-06,0,0,0,0,0,28400,0,0,0,0,0,N/A,N/A
2026-10-05 12:50,2026-10-06,0,0,0,0,0,28600,0,0,0,0,0,N/A,N/A
2026-10-05 12:50,2026-10-06,0,0,0,0,0,28800,0,0,0,0,0,N/A,N/A
2026-10-05 12:50,2026-10-06,0,0,0,0,0,29000,0,0,0,0,0,N/A,N/A
2026-10-05 12:50,2026-10-06,0,0,0,0,0,29200,0,0,0,0,0,N/A,N/A
2026-10-05 12:55,2026-10-06,8320,4420,1492,0,6240,21000,21640905,0,0.7,-977015,4735315,Short Buildup,Short Covering
2026-10-05 12:55,2026-10-06,0,0,0,0,0,21200,18565040,0,0.95,-61555,1904500,N/A,Short Covering
2026-10-05 12:55,2026-10-06,1300,0,1083.05,0,325,21400,29287505,0,1.3,-294580,2891915,N/A,Short Covering
2026-10-05 12:55,2026-10-06,4875,0,873,0,1105,21600,69959240,0,1.95,1789385,4843280,N/A,Long Buildup
2026-10-05 12:55,2026-10-06,38805,-2925,657.7,0,46215,21800,107325790,0,3.25,2769195,8286850,Long Unwinding,Long Buildup
2026-10-05 12:55,2026-10-06,623870,-152035,476.95,0,2535910,22000,142963535,0,8.55,5061745,15120235,Long Unwinding,Long Buildup
2026-10-05 12:55,2026-10-06,720850,-120185,295.5,0,4987905,22200,172804255,0,25.3,4695470,11200800,Long Unwinding,Long Buildup
2026-10-05 12:55,2026-10-06,5904600,2340780,141.3,0,95301895,22400,399884940,0,71.75,13180830,17416490,Short Buildup,Long Buildup
2026-10-05 12:55,2026-10-06,23734685,17645290,45.65,0,439987600,22600,281166730,0,174.75,3659370,6172530,Short Buildup,Long Buildup
2026-10-05 12:55,2026-10-06,16970590,8027500,10.4,0,185023410,22800,16030365,0,339.45,-27040,1781325,Short Buildup,Short Covering
2026-10-05 12:55,2026-10-06,18371730,4607005,3.5,0,100499100,23000,3002350,0,530.2,-326495,1337310,Short Buildup,Short Covering
2026-10-05 12:55,2026-10-06,10545470,1069965,1.85,0,67420405,23200,214825,0,736.05,-65845,397995,Short Buildup,Short Covering
2026-10-05 12:55,2026-10-06,6531330,1438645,1.25,0,30483310,23400,103545,0,923.9,-19955,531505,Short Buildup,Short Covering
2026-10-05 12:55,2026-10-06,4397445,-152880,0.9,0,20497750,23600,38155,0,1123.7,-17160,144105,Long Unwinding,Short Covering
2026-10-05 12:55,2026-10-06,3784560,-390585,0.7,0,12901135,23800,18850,0,1300,-9230,94640,Short Covering,Long Unwinding
2026-10-05 12:55,2026-10-06,7278700,-3820310,0.55,0,28084420,24000,98280,0,1534.85,-72410,421590,Long Unwinding,Short Covering
2026-10-05 12:55,2026-10-06,2026505,-503945,0.45,0,4770675,24200,9230,0,1706,-5070,83720,Long Unwinding,Long Unwinding
2026-10-05 12:55,2026-10-06,796445,-878865,0.4,0,2073175,24400,6370,0,1900,-2600,52585,Long Unwinding,Long Unwinding
2026-10-05 12:55,2026-10-06,424580,-794040,0.4,0,2322060,24600,10465,0,2069.85,-9815,7670,Long Unwinding,Long Unwinding
2026-10-05 12:55,2026-10-06,269750,-118560,0.35,0,515450,24800,1040,0,2333.3,-390,10855,Long Unwinding,Long Unwinding
2026-10-05 12:55,2026-10-06,1577875,-566735,0.25,0,5023850,25000,34580,0,2528,-27820,71565,Long Unwinding,Short Covering
2026-10-05 12:55,2026-10-06,281580,5395,0.3,0,932620,25200,520,0,2550,-520,520,Short Buildup,Long Unwinding
2026-10-05 12:55,2026-10-06,44915,1885,0.3,0,47905,25400,585,0,2925,0,2080,Short Buildup,N/A
2026-10-05 12:55,2026-10-06,125645,-14885,0.3,0,168870,25600,130,0,2443.05,-130,0,Long Unwinding,Long Unwinding
2026-10-05 12:55,2026-10-06,688415,129870,0.35,0,916825,25800,5395,0,3310,-4680,5395,Long Buildup,Long Unwinding
2026-10-05 12:55,2026-10-06,0,0,0,0,0,26000,0,0,0,0,0,N/A,N/A
2026-10-05 12:55,2026-10-06,0,0,0,0,0,26200,0,0,0,0,0,N/A,N/A
2026-10-05 12:55,2026-10-06,0,0,0,0,0,26400,0,0,0,0,0,N/A,N/A
2026-10-05 12:55,2026-10-06,0,0,0,0,0,26600,0,0,0,0,0,N/A,N/A
2026-10-05 12:55,2026-10-06,0,0,0,0,0,26800,0,0,0,0,0,N/A,N/A
2026-10-05 12:55,2026-10-06,0,0,0,0,0,27000,0,0,0,0,0,N/A,N/A
2026-10-05 12:55,2026-10-06,0,0,0,0,0,27200,0,0,0,0,0,N/A,N/A
2026-10-05 12:55,2026-10-06,0,0,0,0,0,27400,0,0,0,0,0,N/A,N/A
2026-10-05 12:55,2026-10-06,0,0,0,0,0,27600,0,0,0,0,0,N/A,N/A
2026-10-05 12:55,2026-10-06,0,0,0,0,0,27800,0,0,0,0,0,N/A,N/A
2026-10-05 12:55,2026-10-06,0,0,0,0,0,28000,0,0,0,0,0,N/A,N/A
2026-10-05 12:55,2026-10-06,0,0,0,0,0,28200,0,0,0,0,0,N/A,N/A
2026-10-05 12:55,2026-10-06,0,0,0,0,0,28400,0,0,0,0,0,N/A,N/A
2026-10-05 12:55,2026-10-06,0,0,0,0,0,28600,0,0,0,0,0,N/A,N/A
2026-10-05 12:55,2026-10-06,0,0,0,0,0,28800,0,0,0,0,0,N/A,N/A
2026-10-05 12:55,2026-10-06,0,0,0,0,0,29000,0,0,0,0,0,N/A,N/A
2026-10-05 12:55,2026-10-06,0,0,0,0,0,29200,0,0,0,0,0,N/A,N/A
2026-10-05 13:05,2026-10-06,8320,4420,1492,0,6240,21000,22165845,0,0.7,-1112020,4600310,Short Buildup,Long Unwinding
2026-10-05 13:05,2026-10-06,0,0,0,0,0,21200,18648825,0,1,-63310,1902745,N/A,Short Covering
2026-10-05 13:05,2026-10-06,1300,0,1083.05,0,325,21400,30038060,0,1.3,-31785,3154710,N/A,Long Unwinding
2026-10-05 13:05,2026-10-06,4875,0,873,0,1105,21600,71358755,0,1.9,1818635,4872530,N/A,Short Buildup
2026-10-05 13:05,2026-10-06,38090,-3640,676.95,0,46735,21800,109394285,0,3.05,2835235,8352890,Short Covering,Short Buildup
2026-10-05 13:05,2026-10-06,623740,-152165,495.3,0,2566915,22000,146304665,0,7.65,5138250,15196740,Short Covering,Short Buildup
2026-10-05 13:05,2026-10-06,721175,-119860,310.85,0,5191615,22200,179318620,0,21.8,4599530,11104860,Short Covering,Short Buildup
2026-10-05 13:05,2026-10-06,5971875,2408055,152.25,0,99645780,22400,415054055,0,64.05,13321360,17557020,Long Buildup,Short Buildup
2026-10-05 13:05,2026-10-06,24431615,18342220,50.6,0,449061470,22600,284419850,0,161.6,3717025,6230185,Long Buildup,Short Buildup
2026-10-05 13:05,2026-10-06,16992235,8049145,11.85,0,188755125,22800,16179540,0,323.05,-20735,1787630,Long Buildup,Long Unwinding
2026-10-05 13:05,2026-10-06,18388630,4623905,3.65,0,102151855,23000,3043625,0,512.95,-329875,1333930,Long Buildup,Long Unwinding
2026-10-05 13:05,2026-10-06,10464025,988520,1.9,0,68377920,23200,216905,0,719,-66885,396955,Long Buildup,Long Unwinding
2026-10-05 13:05,2026-10-06,6443450,1350765,1.3,0,31236660,23400,108420,0,915.4,-22230,529230,Long Buildup,Long Unwinding
2026-10-05 13:05,2026-10-06,4388605,-161720,0.9,0,20552740,23600,40820,0,1116.95,-18265,143000,Long Unwinding,Long Unwinding
2026-10-05 13:05,2026-10-06,3773510,-401635,0.65,0,12946050,23800,18980,0,1330,-9620,94250,Long Unwinding,Short Covering
2026-10-05 13:05,2026-10-06,7290725,-3808285,0.55,0,28722395,24000,98865,0,1517.9,-72540,421460,Long Unwinding,Long Unwinding
2026-10-05 13:05,2026-10-06,2014415,-516035,0.45,0,4963660,24200,9685,0,1725.15,-5590,83200,Long Unwinding,Short Covering
2026-10-05 13:05,2026-10-06,796575,-878735,0.4,0,2088125,24400,6370,0,1900,-2600,52585,Long Unwinding,Long Unwinding
2026-10-05 13:05,2026-10-06,422305,-796315,0.45,0,2334215,24600,10790,0,2132.7,-10205,7280,Short Covering,Short Covering
2026-10-05 13:05,2026-10-06,266240,-122070,0.35,0,533065,24800,1040,0,2333.3,-455,10790,Long Unwinding,Long Unwinding
2026-10-05 13:05,2026-10-06,1573845,-570765,0.3,0,5038345,25000,35490,0,2512,-28860,70525,Short Covering,Long Unwinding
2026-10-05 13:05,2026-10-06,281580,5395,0.3,0,933790,25200,520,0,2550,-520,520,Short Buildup,Long Unwinding
2026-10-05 13:05,2026-10-06,44915,1885,0.3,0,47905,25400,585,0,2925,0,2080,Short Buildup,N/A
2026-10-05 13:05,2026-10-06,122395,-18135,0.3,0,172705,25600,130,0,2443.05,-130,0,Long Unwinding,Long Unwinding
2026-10-05 13:05,2026-10-06,693615,135070,0.3,0,931255,25800,5395,0,3310,-4680,5395,Short Buildup,Long Unwinding
2026-10-05 13:05,2026-10-06,0,0,0,0,0,26000,0,0,0,0,0,N/A,N/A
2026-10-05 13:05,2026-10-06,0,0,0,0,0,26200,0,0,0,0,0,N/A,N/A
2026-10-05 13:05,2026-10-06,0,0,0,0,0,26400,0,0,0,0,0,N/A,N/A
2026-10-05 13:05,2026-10-06,0,0,0,0,0,26600,0,0,0,0,0,N/A,N/A
2026-10-05 13:05,2026-10-06,0,0,0,0,0,26800,0,0,0,0,0,N/A,N/A
2026-10-05 13:05,2026-10-06,0,0,0,0,0,27000,0,0,0,0,0,N/A,N/A
2026-10-05 13:05,2026-10-06,0,0,0,0,0,27200,0,0,0,0,0,N/A,N/A
2026-10-05 13:05,2026-10-06,0,0,0,0,0,27400,0,0,0,0,0,N/A,N/A
2026-10-05 13:05,2026-10-06,0,0,0,0,0,27600,0,0,0,0,0,N/A,N/A
2026-10-05 13:05,2026-10-06,0,0,0,0,0,27800,0,0,0,0,0,N/A,N/A
2026-10-05 13:05,2026-10-06,0,0,0,0,0,28000,0,0,0,0,0,N/A,N/A
2026-10-05 13:05,2026-10-06,0,0,0,0,0,28200,0,0,0,0,0,N/A,N/A
2026-10-05 13:05,2026-10-06,0,0,0,0,0,28400,0,0,0,0,0,N/A,N/A
2026-10-05 13:05,2026-10-06,0,0,0,0,0,28600,0,0,0,0,0,N/A,N/A
2026-10-05 13:05,2026-10-06,0,0,0,0,0,28800,0,0,0,0,0,N/A,N/A
2026-10-05 13:05,2026-10-06,0,0,0,0,0,29000,0,0,0,0,0,N/A,N/A
2026-10-05 13:05,2026-10-06,0,0,0,0,0,29200,0,0,0,0,0,N/A,N/A
2026-10-05 13:10,2026-10-06,8320,4420,1492,0,6240,21000,22436700,0,0.7,-1110850,4601480,Short Buildup,Long Unwinding
2026-10-05 13:10,2026-10-06,0,0,0,0,0,21200,18685485,0,0.95,-42770,1923285,N/A,Long Unwinding
2026-10-05 13:10,2026-10-06,1300,0,1083.05,0,325,21400,30168060,0,1.3,-30160,3156335,N/A,Long Unwinding
2026-10-05 13:10,2026-10-06,4875,0,873,0,1105,21600,71884930,0,1.95,1875835,4929730,N/A,Long Buildup
2026-10-05 13:10,2026-10-06,38090,-3640,676.95,0,46735,21800,110161870,0,3.1,2860455,8378110,Long Unwinding,Long Buildup
2026-10-05 13:10,2026-10-06,621075,-154830,490,0,2576795,22000,147555135,0,7.8,5159895,15218385,Long Unwinding,Long Buildup
2026-10-05 13:10,2026-10-06,715130,-125905,305.5,0,5248035,22200,182458120,0,22.6,4348825,10854155,Long Unwinding,Long Buildup
2026-10-05 13:10,2026-10-06,5883670,2319850,148.55,0,101430485,22400,420437290,0,66.15,13330005,17565665,Short Buildup,Long Buildup
2026-10-05 13:10,2026-10-06,24346920,18257525,48.95,0,454176450,22600,285829765,0,164.2,3732560,6245720,Short Buildup,Long Buildup
2026-10-05 13:10,2026-10-06,17025255,8082165,11,0,191157200,22800,16243955,0,331.15,-20410,1787955,Short Buildup,Short Covering
2026-10-05 13:10,2026-10-06,18384535,4619810,3.6,0,102904425,23000,3053180,0,517.5,-328315,1335490,Short Buildup,Short Covering
2026-10-05 13:10,2026-10-06,10355995,880490,1.8,0,68987490,23200,218270,0,719.4,-66690,397150,Short Buildup,Short Covering
2026-10-05 13:10,2026-10-06,6472375,1379690,1.25,0,31356520,23400,117390,0,923.55,-30355,521105,Short Buildup,Short Covering
2026-10-05 13:10,2026-10-06,4386525,-163800,0.9,0,20625020,23600,54860,0,1124.7,-26715,134550,Long Unwinding,Short Covering
2026-10-05 13:10,2026-10-06,3784040,-391105,0.6,0,13025740,23800,18980,0,1330,-9620,94250,Long Unwinding,Long Unwinding
2026-10-05 13:10,2026-10-06,7135310,-3963700,0.5,0,28813460,24000,98930,0,1518.3,-72605,421395,Long Unwinding,Short Covering
2026-10-05 13:10,2026-10-06,2010385,-520065,0.45,0,5005260,24200,10335,0,1710,-5590,83200,Long Unwinding,Long Unwinding
2026-10-05 13:10,2026-10-06,796575,-878735,0.35,0,2154230,24400,6370,0,1900,-2600,52585,Long Unwinding,Long Unwinding
2026-10-05 13:10,2026-10-06,405015,-813605,0.4,0,2364960,24600,10855,0,2122.45,-10270,7215,Long Unwinding,Long Unwinding
2026-10-05 13:10,2026-10-06,266240,-122070,0.35,0,547755,24800,1105,0,2315,-455,10790,Long Unwinding,Long Unwinding
2026-10-05 13:10,2026-10-06,1573455,-571155,0.25,0,5040360,25000,35555,0,2510.95,-28925,70460,Long Unwinding,Long Unwinding
2026-10-05 13:10,2026-10-06,281580,5395,0.3,0,934440,25200,520,0,2550,-520,520,Short Buildup,Long Unwinding
2026-10-05 13:10,2026-10-06,45045,2015,0.3,0,48165,25400,585,0,2925,0,2080,Short Buildup,N/A
2026-10-05 13:10,2026-10-06,122395,-18135,0.3,0,172835,25600,130,0,2443.05,-130,0,Long Unwinding,Long Unwinding
2026-10-05 13:10,2026-10-06,692510,133965,0.3,0,963040,25800,5395,0,3310,-4680,5395,Short Buildup,Long Unwinding
2026-10-05 13:10,2026-10-06,0,0,0,0,0,26000,0,0,0,0,0,N/A,N/A
2026-10-05 13:10,2026-10-06,0,0,0,0,0,26200,0,0,0,0,0,N/A,N/A
2026-10-05 13:10,2026-10-06,0,0,0,0,0,26400,0,0,0,0,0,N/A,N/A
2026-10-05 13:10,2026-10-06,0,0,0,0,0,26600,0,0,0,0,0,N/A,N/A
2026-10-05 13:10,2026-10-06,0,0,0,0,0,26800,0,0,0,0,0,N/A,N/A
2026-10-05 13:10,2026-10-06,0,0,0,0,0,27000,0,0,0,0,0,N/A,N/A
2026-10-05 13:10,2026-10-06,0,0,0,0,0,27200,0,0,0,0,0,N/A,N/A
2026-10-05 13:10,2026-10-06,0,0,0,0,0,27400,0,0,0,0,0,N/A,N/A
2026-10-05 13:10,2026-10-06,0,0,0,0,0,27600,0,0,0,0,0,N/A,N/A
2026-10-05 13:10,2026-10-06,0,0,0,0,0,27800,0,0,0,0,0,N/A,N/A
2026-10-05 13:10,2026-10-06,0,0,0,0,0,28000,0,0,0,0,0,N/A,N/A
2026-10-05 13:10,2026-10-06,0,0,0,0,0,28200,0,0,0,0,0,N/A,N/A
2026-10-05 13:10,2026-10-06,0,0,0,0,0,28400,0,0,0,0,0,N/A,N/A
2026-10-05 13:10,2026-10-06,0,0,0,0,0,28600,0,0,0,0,0,N/A,N/A
2026-10-05 13:10,2026-10-06,0,0,0,0,0,28800,0,0,0,0,0,N/A,N/A
2026-10-05 13:10,2026-10-06,0,0,0,0,0,29000,0,0,0,0,0,N/A,N/A
2026-10-05 13:10,2026-10-06,0,0,0,0,0,29200,0,0,0,0,0,N/A,N/A
2026-10-05 13:15,2026-10-06,8385,4485,1485,0,6500,21000,22762155,0,0.75,-1126775,4585555,Short Buildup,Short Covering
2026-10-05 13:15,2026-10-06,0,0,0,0,0,21200,18811065,0,1,-41600,1924455,N/A,Short Covering
2026-10-05 13:15,2026-10-06,1300,0,1083.05,0,325,21400,30280250,0,1.3,-22815,3163680,N/A,Long Unwinding
2026-10-05 13:15,2026-10-06,4875,0,873,0,1105,21600,72292610,0,1.85,1943630,4997525,N/A,Short Buildup
2026-10-05 13:15,2026-10-06,38285,-3445,695.9,0,47125,21800,111497360,0,3.1,2880995,8398650,Short Covering,Short Buildup
2026-10-05 13:15,2026-10-06,620620,-155285,498.75,0,2584855,22000,149458270,0,7.45,5171270,15229760,Short Covering,Short Buildup
2026-10-05 13:15,2026-10-06,715195,-125840,313.8,0,5317260,22200,185079830,0,21.2,4569760,11075090,Short Covering,Short Buildup
2026-10-05 13:15,2026-10-06,5895955,2332135,151.85,0,103348895,22400,426048025,0,63.1,13376480,17612140,Long Buildup,Short Buildup
2026-10-05 13:15,2026-10-06,24447540,18358145,50.15,0,459533490,22600,287454635,0,160.4,3735810,6248970,Long Buildup,Short Buildup
2026-10-05 13:15,2026-10-06,17134650,8191560,11.7,0,193428495,22800,16313180,0,319.4,-11635,1796730,Long Buildup,Long Unwinding
2026-10-05 13:15,2026-10-06,18413590,4648865,3.6,0,103657580,23000,3074435,0,510.2,-331370,1332435,Short Buildup,Long Unwinding
2026-10-05 13:15,2026-10-06,10236655,761150,1.8,0,69300660,23200,219245,0,706.95,-66690,397150,Short Buildup,Long Unwinding
2026-10-05 13:15,2026-10-06,6468735,1376050,1.25,0,31437315,23400,124345,0,911.75,-35620,515840,Short Buildup,Long Unwinding
2026-10-05 13:15,2026-10-06,4380675,-169650,0.9,0,20682415,23600,56485,0,1116.75,-27105,134160,Long Unwinding,Long Unwinding
2026-10-05 13:15,2026-10-06,3791645,-383500,0.6,0,13040235,23800,18980,0,1330,-9620,94250,Long Unwinding,Long Unwinding
2026-10-05 13:15,2026-10-06,7135245,-3963765,0.5,0,28829385,24000,99060,0,1511,-72670,421330,Long Unwinding,Long Unwinding
2026-10-05 13:15,2026-10-06,2006745,-523705,0.4,0,5018260,24200,10400,0,1721,-6240,82550,Long Unwinding,Short Covering
2026-10-05 13:15,2026-10-06,796575,-878735,0.35,0,2154230,24400,6370,0,1900,-2600,52585,Long Unwinding,Long Unwinding
2026-10-05 13:15,2026-10-06,392990,-825630,0.4,0,2386995,24600,10855,0,2122.45,-10270,7215,Long Unwinding,Long Unwinding
2026-10-05 13:15,2026-10-06,266240,-122070,0.4,0,560885,24800,1105,0,2315,-455,10790,Short Covering,Long Unwinding
2026-10-05 13:15,2026-10-06,1573000,-571610,0.25,0,5051345,25000,36270,0,2505,-29380,70005,Long Unwinding,Long Unwinding
2026-10-05 13:15,2026-10-06,281580,5395,0.3,0,934570,25200,520,0,2550,-520,520,Short Buildup,Long Unwinding
2026-10-05 13:15,2026-10-06,45045,2015,0.3,0,48165,25400,585,0,2925,0,2080,Short Buildup,N/A
2026-10-05 13:15,2026-10-06,122395,-18135,0.3,0,172965,25600,130,0,2443.05,-130,0,Long Unwinding,Long Unwinding
2026-10-05 13:15,2026-10-06,688415,129870,0.3,0,974415,25800,5395,0,3310,-4680,5395,Short Buildup,Long Unwinding
2026-10-05 13:15,2026-10-06,0,0,0,0,0,26000,0,0,0,0,0,N/A,N/A
2026-10-05 13:15,2026-10-06,0,0,0,0,0,26200,0,0,0,0,0,N/A,N/A
2026-10-05 13:15,2026-10-06,0,0,0,0,0,26400,0,0,0,0,0,N/A,N/A
2026-10-05 13:15,2026-10-06,0,0,0,0,0,26600,0,0,0,0,0,N/A,N/A
2026-10-05 13:15,2026-10-06,0,0,0,0,0,26800,0,0,0,0,0,N/A,N/A
2026-10-05 13:15,2026-10-06,0,0,0,0,0,27000,0,0,0,0,0,N/A,N/A
2026-10-05 13:15,2026-10-06,0,0,0,0,0,27200,0,0,0,0,0,N/A,N/A
2026-10-05 13:15,2026-10-06,0,0,0,0,0,27400,0,0,0,0,0,N/A,N/A
2026-10-05 13:15,2026-10-06,0,0,0,0,0,27600,0,0,0,0,0,N/A,N/A
2026-10-05 13:15,2026-10-06,0,0,0,0,0,27800,0,0,0,0,0,N/A,N/A
2026-10-05 13:15,2026-10-06,0,0,0,0,0,28000,0,0,0,0,0,N/A,N/A
2026-10-05 13:15,2026-10-06,0,0,0,0,0,28200,0,0,0,0,0,N/A,N/A
2026-10-05 13:15,2026-10-06,0,0,0,0,0,28400,0,0,0,0,0,N/A,N/A
2026-10-05 13:15,2026-10-06,0,0,0,0,0,28600,0,0,0,0,0,N/A,N/A
2026-10-05 13:15,2026-10-06,0,0,0,0,0,28800,0,0,0,0,0,N/A,N/A
2026-10-05 13:15,2026-10-06,0,0,0,0,0,29000,0,0,0,0,0,N/A,N/A
2026-10-05 13:15,2026-10-06,0,0,0,0,0,29200,0,0,0,0,0,N/A,N/A
2026-10-05 13:20,2026-10-06,8385,4485,1490,0,6890,21000,22805185,0,0.75,-1126125,4586205,Long Buildup,Long Unwinding
2026-10-05 13:20,2026-10-06,0,0,0,0,0,21200,18831800,0,1,-20930,1945125,N/A,Long Unwinding
2026-10-05 13:20,2026-10-06,1300,0,1083.05,0,325,21400,30321785,0,1.2,-20280,3166215,N/A,Long Unwinding
2026-10-05 13:20,2026-10-06,4875,0,873,0,1105,21600,72965750,0,1.85,1989195,5043090,N/A,Short Buildup
2026-10-05 13:20,2026-10-06,38220,-3510,698.1,0,47450,21800,113502155,0,2.85,2883205,8400860,Short Covering,Short Buildup
2026-10-05 13:20,2026-10-06,619710,-156195,498.25,0,2595645,22000,151007610,0,7.05,5212350,15270840,Long Unwinding,Short Buildup
2026-10-05 13:20,2026-10-06,707980,-133055,312.75,0,5392660,22200,187756920,0,20.55,4230785,10736115,Long Unwinding,Short Buildup
2026-10-05 13:20,2026-10-06,5958160,2394340,152.9,0,105127100,22400,430627600,0,61.35,13312455,17548115,Long Buildup,Short Buildup
2026-10-05 13:20,2026-10-06,24669905,18580510,49.8,0,463909290,22600,288521805,0,158.4,3812380,6325540,Short Buildup,Short Buildup
2026-10-05 13:20,2026-10-06,17289675,8346585,11.6,0,195278655,22800,16370640,0,318.65,-11960,1796405,Short Buildup,Long Unwinding
2026-10-05 13:20,2026-10-06,18558215,4793490,3.7,0,104693160,23000,3083600,0,510.8,-332280,1331525,Long Buildup,Short Covering
2026-10-05 13:20,2026-10-06,10232495,756990,1.85,0,69704960,23200,219505,0,710,-66690,397150,Long Buildup,Short Covering
2026-10-05 13:20,2026-10-06,6434935,1342250,1.2,0,31689450,23400,125645,0,914.05,-37765,513695,Short Buildup,Short Covering
2026-10-05 13:20,2026-10-06,4385940,-164385,0.9,0,20720375,23600,56485,0,1116.75,-27105,134160,Long Unwinding,Long Unwinding
2026-10-05 13:20,2026-10-06,3801460,-373685,0.6,0,13101010,23800,18980,0,1330,-9620,94250,Long Unwinding,Long Unwinding
2026-10-05 13:20,2026-10-06,7118995,-3980015,0.5,0,28877355,24000,99125,0,1512,-72735,421265,Long Unwinding,Short Covering
2026-10-05 13:20,2026-10-06,1994330,-536120,0.4,0,5038475,24200,10400,0,1721,-6240,82550,Long Unwinding,Long Unwinding
2026-10-05 13:20,2026-10-06,796575,-878735,0.4,0,2154685,24400,6370,0,1900,-2600,52585,Short Covering,Long Unwinding
2026-10-05 13:20,2026-10-06,392990,-825630,0.4,0,2386995,24600,10855,0,2122.45,-10270,7215,Long Unwinding,Long Unwinding
2026-10-05 13:20,2026-10-06,266240,-122070,0.35,0,566865,24800,1105,0,2315,-455,10790,Long Unwinding,Long Unwinding
2026-10-05 13:20,2026-10-06,1572090,-572520,0.25,0,5198895,25000,36530,0,2500,-29445,69940,Long Unwinding,Long Unwinding
2026-10-05 13:20,2026-10-06,281580,5395,0.3,0,937235,25200,520,0,2550,-520,520,Short Buildup,Long Unwinding
2026-10-05 13:20,2026-10-06,44850,1820,0.3,0,48490,25400,585,0,2925,0,2080,Short Buildup,N/A
2026-10-05 13:20,2026-10-06,122395,-18135,0.3,0,172965,25600,130,0,2443.05,-130,0,Long Unwinding,Long Unwinding
2026-10-05 13:20,2026-10-06,656825,98280,0.35,0,1009515,25800,5395,0,3310,-4680,5395,Long Buildup,Long Unwinding
2026-10-05 13:20,2026-10-06,0,0,0,0,0,26000,0,0,0,0,0,N/A,N/A
2026-10-05 13:20,2026-10-06,0,0,0,0,0,26200,0,0,0,0,0,N/A,N/A
2026-10-05 13:20,2026-10-06,0,0,0,0,0,26400,0,0,0,0,0,N/A,N/A
2026-10-05 13:20,2026-10-06,0,0,0,0,0,26600,0,0,0,0,0,N/A,N/A
2026-10-05 13:20,2026-10-06,0,0,0,0,0,26800,0,0,0,0,0,N/A,N/A
2026-10-05 13:20,2026-10-06,0,0,0,0,0,27000,0,0,0,0,0,N/A,N/A
2026-10-05 13:20,2026-10-06,0,0,0,0,0,27200,0,0,0,0,0,N/A,N/A
2026-10-05 13:20,2026-10-06,0,0,0,0,0,27400,0,0,0,0,0,N/A,N/A
2026-10-05 13:20,2026-10-06,0,0,0,0,0,27600,0,0,0,0,0,N/A,N/A
2026-10-05 13:20,2026-10-06,0,0,0,0,0,27800,0,0,0,0,0,N/A,N/A
2026-10-05 13:20,2026-10-06,0,0,0,0,0,28000,0,0,0,0,0,N/A,N/A
2026-10-05 13:20,2026-10-06,0,0,0,0,0,28200,0,0,0,0,0,N/A,N/A
2026-10-05 13:20,2026-10-06,0,0,0,0,0,28400,0,0,0,0,0,N/A,N/A
2026-10-05 13:20,2026-10-06,0,0,0,0,0,28600,0,0,0,0,0,N/A,N/A
2026-10-05 13:20,2026-10-06,0,0,0,0,0,28800,0,0,0,0,0,N/A,N/A
2026-10-05 13:20,2026-10-06,0,0,0,0,0,29000,0,0,0,0,0,N/A,N/A
2026-10-05 13:20,2026-10-06,0,0,0,0,0,29200,0,0,0,0,0,N/A,N/A
2026-10-05 13:25,2026-10-06,8515,4615,1480,0,7020,21000,23088390,0,0.7,-1242735,4469595,Short Buildup,Long Unwinding
2026-10-05 13:25,2026-10-06,0,0,0,0,0,21200,18861960,0,0.95,-20670,1945385,N/A,Long Unwinding
2026-10-05 13:25,2026-10-06,1300,0,1083.05,0,325,21400,30582630,0,1.2,-21255,3165240,N/A,Long Unwinding
2026-10-05 13:25,2026-10-06,4875,0,873,0,1105,21600,74218170,0,1.9,2193620,5247515,N/A,Long Buildup
2026-10-05 13:25,2026-10-06,38220,-3510,698.1,0,47450,21800,115183185,0,2.95,2879825,8397480,Long Unwinding,Long Buildup
2026-10-05 13:25,2026-10-06,616980,-158925,493.55,0,2607800,22000,153711610,0,7.25,5187130,15245620,Long Unwinding,Long Buildup
2026-10-05 13:25,2026-10-06,713245,-127790,306.8,0,5491850,22200,190646365,0,21.35,4184830,10690160,Long Unwinding,Long Buildup
2026-10-05 13:25,2026-10-06,5897775,2333955,148.85,0,107678740,22400,436632300,0,63.6,13427245,17662905,Short Buildup,Long Buildup
2026-10-05 13:25,2026-10-06,24475685,18386290,48.35,0,470548000,22600,290052035,0,162.65,3785730,6298890,Short Buildup,Long Buildup
2026-10-05 13:25,2026-10-06,17357405,8414315,11.15,0,198310840,22800,16475550,0,324.8,-97045,1711320,Short Buildup,Short Covering
2026-10-05 13:25,2026-10-06,18588895,4824170,3.65,0,105372995,23000,3100825,0,516.75,-333060,1330745,Short Buildup,Short Covering
2026-10-05 13:25,2026-10-06,10196485,720980,1.95,0,70109715,23200,221000,0,715.45,-67730,396110,Long Buildup,Short Covering
2026-10-05 13:25,2026-10-06,6237725,1145040,1.3,0,32606860,23400,128310,0,917.9,-61425,490035,Long Buildup,Short Covering
2026-10-05 13:25,2026-10-06,4411745,-138580,0.95,0,21464040,23600,56485,0,1116.75,-27105,134160,Short Covering,Long Unwinding
2026-10-05 13:25,2026-10-06,3807505,-367640,0.6,0,13127595,23800,19175,0,1299.9,-9750,94120,Long Unwinding,Long Unwinding
2026-10-05 13:25,2026-10-06,7111585,-3987425,0.55,0,28953795,24000,101530,0,1502,-72800,421200,Short Covering,Long Unwinding
2026-10-05 13:25,2026-10-06,1624935,-905515,0.45,0,5586685,24200,10530,0,1695,-6305,82485,Short Covering,Long Unwinding
2026-10-05 13:25,2026-10-06,796575,-878735,0.4,0,2154750,24400,6435,0,1900,-2665,52520,Long Unwinding,Long Unwinding
2026-10-05 13:25,2026-10-06,375180,-843440,0.4,0,2459015,24600,10855,0,2122.45,-10270,7215,Long Unwinding,Long Unwinding
2026-10-05 13:25,2026-10-06,267280,-121030,0.35,0,578175,24800,1105,0,2315,-455,10790,Long Unwinding,Long Unwinding
2026-10-05 13:25,2026-10-06,1571505,-573105,0.25,0,5200650,25000,37505,0,2512,-30225,69160,Long Unwinding,Short Covering
2026-10-05 13:25,2026-10-06,281580,5395,0.3,0,940355,25200,520,0,2550,-520,520,Short Buildup,Long Unwinding
2026-10-05 13:25,2026-10-06,44525,1495,0.35,0,49075,25400,585,0,2925,0,2080,Long Buildup,N/A
2026-10-05 13:25,2026-10-06,122395,-18135,0.35,0,173030,25600,130,0,2443.05,-130,0,Short Covering,Long Unwinding
2026-10-05 13:25,2026-10-06,653315,94770,0.35,0,1017445,25800,5395,0,3310,-4680,5395,Short Buildup,Long Unwinding
2026-10-05 13:25,2026-10-06,0,0,0,0,0,26000,0,0,0,0,0,N/A,N/A
2026-10-05 13:25,2026-10-06,0,0,0,0,0,26200,0,0,0,0,0,N/A,N/A
2026-10-05 13:25,2026-10-06,0,0,0,0,0,26400,0,0,0,0,0,N/A,N/A
2026-10-05 13:25,2026-10-06,0,0,0,0,0,26600,0,0,0,0,0,N/A,N/A
2026-10-05 13:25,2026-10-06,0,0,0,0,0,26800,0,0,0,0,0,N/A,N/A
2026-10-05 13:25,2026-10-06,0,0,0,0,0,27000,0,0,0,0,0,N/A,N/A
2026-10-05 13:25,2026-10-06,0,0,0,0,0,27200,0,0,0,0,0,N/A,N/A
2026-10-05 13:25,2026-10-06,0,0,0,0,0,27400,0,0,0,0,0,N/A,N/A
2026-10-05 13:25,2026-10-06,0,0,0,0,0,27600,0,0,0,0,0,N/A,N/A
2026-10-05 13:25,2026-10-06,0,0,0,0,0,27800,0,0,0,0,0,N/A,N/A
2026-10-05 13:25,2026-10-06,0,0,0,0,0,28000,0,0,0,0,0,N/A,N/A
2026-10-05 13:25,2026-10-06,0,0,0,0,0,28200,0,0,0,0,0,N/A,N/A
2026-10-05 13:25,2026-10-06,0,0,0,0,0,28400,0,0,0,0,0,N/A,N/A
2026-10-05 13:25,2026-10-06,0,0,0,0,0,28600,0,0,0,0,0,N/A,N/A
2026-10-05 13:25,2026-10-06,0,0,0,0,0,28800,0,0,0,0,0,N/A,N/A
2026-10-05 13:25,2026-10-06,0,0,0,0,0,29000,0,0,0,0,0,N/A,N/A
2026-10-05 13:25,2026-10-06,0,0,0,0,0,29200,0,0,0,0,0,N/A,N/A
2026-10-05 13:30,2026-10-06,8515,4615,1480,0,7020,21000,23419695,0,0.75,-1151085,4561245,Short Buildup,Short Covering
2026-10-05 13:30,2026-10-06,0,0,0,0,0,21200,19140095,0,1,11765,1977820,N/A,Long Buildup
2026-10-05 13:30,2026-10-06,1300,0,1083.05,0,325,21400,30844190,0,1.35,31135,3217630,N/A,Long Buildup
2026-10-05 13:30,2026-10-06,4875,0,873,0,1105,21600,75446865,0,1.95,2249065,5302960,N/A,Long Buildup
2026-10-05 13:30,2026-10-06,37960,-3770,690.2,0,47710,21800,116312040,0,3.1,2973490,8491145,Long Unwinding,Long Buildup
2026-10-05 13:30,2026-10-06,619190,-156715,493.5,0,2619955,22000,156334750,0,7.35,5467995,15526485,Long Unwinding,Long Buildup
2026-10-05 13:30,2026-10-06,720590,-120445,306.7,0,5590195,22200,193921520,0,21.05,4378465,10883795,Long Unwinding,Short Buildup
2026-10-05 13:30,2026-10-06,5854030,2290210,148.5,0,109497310,22400,443522625,0,62.05,14188330,18423990,Short Buildup,Short Buildup
2026-10-05 13:30,2026-10-06,24065925,17976530,47.6,0,475843615,22600,291837455,0,160.65,3926780,6439940,Short Buildup,Short Buildup
2026-10-05 13:30,2026-10-06,17180280,8237190,10.85,0,201340230,22800,16586375,0,323.9,-115440,1692925,Short Buildup,Long Unwinding
2026-10-05 13:30,2026-10-06,18572060,4807335,3.5,0,106300675,23000,3115710,0,518.1,-336765,1327040,Short Buildup,Short Covering
2026-10-05 13:30,2026-10-06,10164310,688805,1.75,0,70408780,23200,225680,0,714.4,-70525,393315,Short Buildup,Long Unwinding
2026-10-05 13:30,2026-10-06,6236685,1144000,1.2,0,32910800,23400,129025,0,920.85,-61685,489775,Short Buildup,Short Covering
2026-10-05 13:30,2026-10-06,4420585,-129740,0.9,0,21484775,23600,56550,0,1125.8,-27495,133770,Long Unwinding,Short Covering
2026-10-05 13:30,2026-10-06,3841630,-333515,0.65,0,13170625,23800,19305,0,1312.9,-9880,93990,Short Covering,Short Covering
2026-10-05 13:30,2026-10-06,7092345,-4006665,0.5,0,28972645,24000,103220,0,1520,-73840,420160,Long Unwinding,Short Covering
2026-10-05 13:30,2026-10-06,1607385,-923065,0.45,0,5601440,24200,10530,0,1695,-6305,82485,Long Unwinding,Long Unwinding
2026-10-05 13:30,2026-10-06,796510,-878800,0.35,0,2155075,24400,6435,0,1900,-2665,52520,Long Unwinding,Long Unwinding
2026-10-05 13:30,2026-10-06,359905,-858715,0.4,0,2460380,24600,10855,0,2122.45,-10270,7215,Long Unwinding,Long Unwinding
2026-10-05 13:30,2026-10-06,267345,-120965,0.35,0,612690,24800,1105,0,2315,-455,10790,Long Unwinding,Long Unwinding
2026-10-05 13:30,2026-10-06,1571115,-573495,0.3,0,5202340,25000,38155,0,2515,-30745,68640,Short Covering,Short Covering
2026-10-05 13:30,2026-10-06,281580,5395,0.3,0,940615,25200,520,0,2550,-520,520,Short Buildup,Long Unwinding
2026-10-05 13:30,2026-10-06,44525,1495,0.35,0,49075,25400,585,0,2925,0,2080,Short Buildup,N/A
2026-10-05 13:30,2026-10-06,122395,-18135,0.3,0,173420,25600,130,0,2443.05,-130,0,Long Unwinding,Long Unwinding
2026-10-05 13:30,2026-10-06,649415,90870,0.35,0,1040585,25800,5395,0,3310,-4680,5395,Short Buildup,Long Unwinding
2026-10-05 13:30,2026-10-06,0,0,0,0,0,26000,0,0,0,0,0,N/A,N/A
2026-10-05 13:30,2026-10-06,0,0,0,0,0,26200,0,0,0,0,0,N/A,N/A
2026-10-05 13:30,2026-10-06,0,0,0,0,0,26400,0,0,0,0,0,N/A,N/A
2026-10-05 13:30,2026-10-06,0,0,0,0,0,26600,0,0,0,0,0,N/A,N/A
2026-10-05 13:30,2026-10-06,0,0,0,0,0,26800,0,0,0,0,0,N/A,N/A
2026-10-05 13:30,2026-10-06,0,0,0,0,0,27000,0,0,0,0,0,N/A,N/A
2026-10-05 13:30,2026-10-06,0,0,0,0,0,27200,0,0,0,0,0,N/A,N/A
2026-10-05 13:30,2026-10-06,0,0,0,0,0,27400,0,0,0,0,0,N/A,N/A
2026-10-05 13:30,2026-10-06,0,0,0,0,0,27600,0,0,0,0,0,N/A,N/A
2026-10-05 13:30,2026-10-06,0,0,0,0,0,27800,0,0,0,0,0,N/A,N/A
2026-10-05 13:30,2026-10-06,0,0,0,0,0,28000,0,0,0,0,0,N/A,N/A
2026-10-05 13:30,2026-10-06,0,0,0,0,0,28200,0,0,0,0,0,N/A,N/A
2026-10-05 13:30,2026-10-06,0,0,0,0,0,28400,0,0,0,0,0,N/A,N/A
2026-10-05 13:30,2026-10-06,0,0,0,0,0,28600,0,0,0,0,0,N/A,N/A
2026-10-05 13:30,2026-10-06,0,0,0,0,0,28800,0,0,0,0,0,N/A,N/A
2026-10-05 13:30,2026-10-06,0,0,0,0,0,29000,0,0,0,0,0,N/A,N/A
2026-10-05 13:30,2026-10-06,0,0,0,0,0,29200,0,0,0,0,0,N/A,N/A
2026-10-05 13:35,2026-10-06,8515,4615,1480,0,7020,21000,23653500,0,0.8,-1243060,4469270,Short Buildup,Short Covering
2026-10-05 13:35,2026-10-06,0,0,0,0,0,21200,19213090,0,0.95,54535,2020590,N/A,Short Buildup
2026-10-05 13:35,2026-10-06,1300,0,1083.05,0,325,21400,31047965,0,1.2,144040,3330535,N/A,Short Buildup
2026-10-05 13:35,2026-10-06,4875,0,873,0,1105,21600,76524175,0,1.8,2246400,5300295,N/A,Short Buildup
2026-10-05 13:35,2026-10-06,38025,-3705,699,0,47775,21800,118064115,0,2.65,2876185,8393840,Short Covering,Short Buildup
2026-10-05 13:35,2026-10-06,622310,-153595,508,0,2634645,22000,159329300,0,6.15,4944290,15002780,Short Covering,Short Buildup
2026-10-05 13:35,2026-10-06,701415,-139620,317,0,5670210,22200,196501695,0,18.2,4251065,10756395,Short Covering,Short Buildup
2026-10-05 13:35,2026-10-06,5891145,2327325,156,0,111266220,22400,449570550,0,56.75,13926185,18161845,Long Buildup,Short Buildup
2026-10-05 13:35,2026-10-06,24651705,18562310,51.1,0,480721215,22600,293251010,0,151,4036760,6549920,Long Buildup,Short Buildup
2026-10-05 13:35,2026-10-06,17227145,8284055,11.9,0,203853130,22800,16668925,0,310.75,-116740,1691625,Long Buildup,Long Unwinding
2026-10-05 13:35,2026-10-06,18592470,4827745,3.65,0,106784990,23000,3137420,0,500.35,-341445,1322360,Long Buildup,Long Unwinding
2026-10-05 13:35,2026-10-06,10165935,690430,1.8,0,70875350,23200,237185,0,700.9,-75660,388180,Long Buildup,Long Unwinding
2026-10-05 13:35,2026-10-06,6199245,1106560,1.2,0,33078955,23400,133510,0,900,-64090,487370,Short Buildup,Long Unwinding
2026-10-05 13:35,2026-10-06,4406805,-143520,0.9,0,21573565,23600,58305,0,1117.15,-27625,133640,Long Unwinding,Long Unwinding
2026-10-05 13:35,2026-10-06,3743220,-431925,0.6,0,13391040,23800,19370,0,1307,-10010,93860,Long Unwinding,Long Unwinding
2026-10-05 13:35,2026-10-06,7092085,-4006925,0.5,0,29003000,24000,103480,0,1500,-75530,418470,Long Unwinding,Long Unwinding
2026-10-05 13:35,2026-10-06,1600105,-930345,0.45,0,5610670,24200,10595,0,1700,-6435,82355,Long Unwinding,Short Covering
2026-10-05 13:35,2026-10-06,796510,-878800,0.35,0,2155075,24400,6565,0,1925.9,-2665,52520,Long Unwinding,Short Covering
2026-10-05 13:35,2026-10-06,359255,-859365,0.4,0,2461160,24600,10855,0,2122.45,-10270,7215,Long Unwinding,Long Unwinding
2026-10-05 13:35,2026-10-06,266695,-121615,0.35,0,612885,24800,1105,0,2315,-455,10790,Long Unwinding,Long Unwinding
2026-10-05 13:35,2026-10-06,1570400,-574210,0.3,0,5208060,25000,39780,0,2498.9,-31655,67730,Long Unwinding,Long Unwinding
2026-10-05 13:35,2026-10-06,281580,5395,0.35,0,940680,25200,520,0,2550,-520,520,Long Buildup,Long Unwinding
2026-10-05 13:35,2026-10-06,44525,1495,0.35,0,49075,25400,585,0,2925,0,2080,Short Buildup,N/A
2026-10-05 13:35,2026-10-06,122395,-18135,0.3,0,173420,25600,130,0,2443.05,-130,0,Long Unwinding,Long Unwinding
2026-10-05 13:35,2026-10-06,652405,93860,0.35,0,1046760,25800,5395,0,3310,-4680,5395,Short Buildup,Long Unwinding
2026-10-05 13:35,2026-10-06,0,0,0,0,0,26000,0,0,0,0,0,N/A,N/A
2026-10-05 13:35,2026-10-06,0,0,0,0,0,26200,0,0,0,0,0,N/A,N/A
2026-10-05 13:35,2026-10-06,0,0,0,0,0,26400,0,0,0,0,0,N/A,N/A
2026-10-05 13:35,2026-10-06,0,0,0,0,0,26600,0,0,0,0,0,N/A,N/A
2026-10-05 13:35,2026-10-06,0,0,0,0,0,26800,0,0,0,0,0,N/A,N/A
2026-10-05 13:35,2026-10-06,0,0,0,0,0,27000,0,0,0,0,0,N/A,N/A
2026-10-05 13:35,2026-10-06,0,0,0,0,0,27200,0,0,0,0,0,N/A,N/A
2026-10-05 13:35,2026-10-06,0,0,0,0,0,27400,0,0,0,0,0,N/A,N/A
2026-10-05 13:35,2026-10-06,0,0,0,0,0,27600,0,0,0,0,0,N/A,N/A
2026-10-05 13:35,2026-10-06,0,0,0,0,0,27800,0,0,0,0,0,N/A,N/A
2026-10-05 13:35,2026-10-06,0,0,0,0,0,28000,0,0,0,0,0,N/A,N/A
2026-10-05 13:35,2026-10-06,0,0,0,0,0,28200,0,0,0,0,0,N/A,N/A
2026-10-05 13:35,2026-10-06,0,0,0,0,0,28400,0,0,0,0,0,N/A,N/A
2026-10-05 13:35,2026-10-06,0,0,0,0,0,28600,0,0,0,0,0,N/A,N/A
2026-10-05 13:35,2026-10-06,0,0,0,0,0,28800,0,0,0,0,0,N/A,N/A
2026-10-05 13:35,2026-10-06,0,0,0,0,0,29000,0,0,0,0,0,N/A,N/A
2026-10-05 13:35,2026-10-06,0,0,0,0,0,29200,0,0,0,0,0,N/A,N/A
2026-10-05 13:40,2026-10-06,8580,4680,1529.1,0,7085,21000,24063455,0,0.75,-1415505,4296825,Long Buildup,Long Unwinding
2026-10-05 13:40,2026-10-06,0,0,0,0,0,21200,19286995,0,0.9,51480,2017535,N/A,Short Buildup
2026-10-05 13:40,2026-10-06,1300,0,1083.05,0,325,21400,31865210,0,1.1,154960,3341455,N/A,Short Buildup
2026-10-05 13:40,2026-10-06,4875,0,908.45,0,1170,21600,77389910,0,1.65,2265705,5319600,N/A,Short Buildup
2026-10-05 13:40,2026-10-06,37830,-3900,769.95,0,48100,21800,119920190,0,2.3,2744235,8261890,Short Covering,Short Buildup
2026-10-05 13:40,2026-10-06,559195,-216710,578,0,2775045,22000,163327190,0,4.95,4749810,14808300,Short Covering,Short Buildup
2026-10-05 13:40,2026-10-06,651430,-189605,383.05,0,5932550,22200,202789535,0,12.45,3719040,10224370,Short Covering,Short Buildup
2026-10-05 13:40,2026-10-06,5228600,1664780,208.5,0,119056275,22400,463542950,0,37.9,12635480,16871140,Long Buildup,Short Buildup
2026-10-05 13:40,2026-10-06,22927125,16837730,78.85,0,503172150,22600,297850930,0,107,4061980,6575140,Long Buildup,Short Buildup
2026-10-05 13:40,2026-10-06,17105660,8162570,18.45,0,214205030,22800,17004195,0,247.45,-77545,1730820,Long Buildup,Long Unwinding
2026-10-05 13:40,2026-10-06,18570370,4805645,4.65,0,111174570,23000,3257670,0,433.25,-333385,1330420,Long Buildup,Long Unwinding
2026-10-05 13:40,2026-10-06,10081435,605930,1.8,0,72368270,23200,244725,0,631.9,-78390,385450,Short Buildup,Long Unwinding
2026-10-05 13:40,2026-10-06,6224855,1132170,1.15,0,33628075,23400,134355,0,835,-66625,484835,Short Buildup,Long Unwinding
2026-10-05 13:40,2026-10-06,4376840,-173485,0.8,0,21835255,23600,58825,0,1050.3,-27950,133315,Long Unwinding,Long Unwinding
2026-10-05 13:40,2026-10-06,3619785,-555360,0.55,0,13874770,23800,20410,0,1230.1,-10855,93015,Long Unwinding,Long Unwinding
2026-10-05 13:40,2026-10-06,7063095,-4035915,0.5,0,29423550,24000,108095,0,1425.3,-78585,415415,Long Unwinding,Long Unwinding
2026-10-05 13:40,2026-10-06,1584700,-945750,0.45,0,5625945,24200,11440,0,1641,-6695,82095,Long Unwinding,Long Unwinding
2026-10-05 13:40,2026-10-06,793780,-881530,0.35,0,2279550,24400,7410,0,1837.25,-3315,51870,Long Unwinding,Long Unwinding
2026-10-05 13:40,2026-10-06,358930,-859690,0.4,0,2479555,24600,11050,0,2080,-10270,7215,Long Unwinding,Long Unwinding
2026-10-05 13:40,2026-10-06,266695,-121615,0.35,0,614835,24800,1365,0,2280,-585,10660,Long Unwinding,Long Unwinding
2026-10-05 13:40,2026-10-06,1569945,-574665,0.3,0,5255315,25000,40560,0,2439,-32890,66495,Long Unwinding,Long Unwinding
2026-10-05 13:40,2026-10-06,281515,5330,0.3,0,940810,25200,65,0,2692,0,1040,Short Buildup,N/A
2026-10-05 13:40,2026-10-06,44525,1495,0.35,0,49075,25400,585,0,2925,0,2080,Short Buildup,N/A
2026-10-05 13:40,2026-10-06,122395,-18135,0.3,0,173615,25600,130,0,2443.05,-130,0,Long Unwinding,Long Unwinding
2026-10-05 13:40,2026-10-06,653575,95030,0.3,0,1056575,25800,5395,0,3310,-4680,5395,Short Buildup,Long Unwinding
2026-10-05 13:40,2026-10-06,0,0,0,0,0,26000,0,0,0,0,0,N/A,N/A
2026-10-05 13:40,2026-10-06,0,0,0,0,0,26200,0,0,0,0,0,N/A,N/A
2026-10-05 13:40,2026-10-06,0,0,0,0,0,26400,0,0,0,0,0,N/A,N/A
2026-10-05 13:40,2026-10-06,0,0,0,0,0,26600,0,0,0,0,0,N/A,N/A
2026-10-05 13:40,2026-10-06,0,0,0,0,0,26800,0,0,0,0,0,N/A,N/A
2026-10-05 13:40,2026-10-06,0,0,0,0,0,27000,0,0,0,0,0,N/A,N/A
2026-10-05 13:40,2026-10-06,0,0,0,0,0,27200,0,0,0,0,0,N/A,N/A
2026-10-05 13:40,2026-10-06,0,0,0,0,0,27400,0,0,0,0,0,N/A,N/A
2026-10-05 13:40,2026-10-06,0,0,0,0,0,27600,0,0,0,0,0,N/A,N/A
2026-10-05 13:40,2026-10-06,0,0,0,0,0,27800,0,0,0,0,0,N/A,N/A
2026-10-05 13:40,2026-10-06,0,0,0,0,0,28000,0,0,0,0,0,N/A,N/A
2026-10-05 13:40,2026-10-06,0,0,0,0,0,28200,0,0,0,0,0,N/A,N/A
2026-10-05 13:40,2026-10-06,0,0,0,0,0,28400,0,0,0,0,0,N/A,N/A
2026-10-05 13:40,2026-10-06,0,0,0,0,0,28600,0,0,0,0,0,N/A,N/A
2026-10-05 13:40,2026-10-06,0,0,0,0,0,28800,0,0,0,0,0,N/A,N/A
2026-10-05 13:40,2026-10-06,0,0,0,0,0,29000,0,0,0,0,0,N/A,N/A
2026-10-05 13:40,2026-10-06,0,0,0,0,0,29200,0,0,0,0,0,N/A,N/A
2026-10-05 13:45,2026-10-06,8710,4810,1570,0,7280,21000,24362130,0,0.7,-1451645,4260685,Long Buildup,Long Unwinding
2026-10-05 13:45,2026-10-06,0,0,0,0,0,21200,19502080,0,0.95,31720,1997775,N/A,Long Buildup
2026-10-05 13:45,2026-10-06,1300,0,1083.05,0,325,21400,32910345,0,1.15,185835,3372330,N/A,Long Buildup
2026-10-05 13:45,2026-10-06,4875,0,908.45,0,1170,21600,78670865,0,1.7,2482805,5536700,N/A,Long Buildup
2026-10-05 13:45,2026-10-06,36920,-4810,794,0,49270,21800,123945965,0,2.35,2546895,8064550,Short Covering,Long Buildup
2026-10-05 13:45,2026-10-06,539045,-236860,597.4,0,2835365,22000,169229385,0,4.65,4295135,14353625,Short Covering,Short Buildup
2026-10-05 13:45,2026-10-06,638625,-202410,401.3,0,6092580,22200,209565590,0,11.35,3868280,10373610,Short Covering,Short Buildup
2026-10-05 13:45,2026-10-06,3873285,309465,224.95,0,124400510,22400,479731915,0,33,13165685,17401345,Long Buildup,Short Buildup
2026-10-05 13:45,2026-10-06,19141525,13052130,86.7,0,536615105,22600,307250255,0,94.7,5556005,8069165,Long Buildup,Short Buildup
2026-10-05 13:45,2026-10-06,16452410,7509320,20,0,229933275,22800,17641975,0,229.2,-74945,1733420,Long Buildup,Long Unwinding
2026-10-05 13:45,2026-10-06,16708770,2944045,4.6,0,121515615,23000,3376165,0,411.1,-322075,1341730,Short Buildup,Long Unwinding
2026-10-05 13:45,2026-10-06,9064705,-410800,1.7,0,75779860,23200,250705,0,605.1,-81835,382005,Long Unwinding,Long Unwinding
2026-10-05 13:45,2026-10-06,6003855,911170,1,0,35854715,23400,136175,0,816.2,-67470,483990,Short Buildup,Long Unwinding
2026-10-05 13:45,2026-10-06,4280380,-269945,0.7,0,22960210,23600,59670,0,1010,-28080,133185,Long Unwinding,Long Unwinding
2026-10-05 13:45,2026-10-06,3418285,-756860,0.45,0,14487785,23800,21645,0,1205.6,-11830,92040,Long Unwinding,Long Unwinding
2026-10-05 13:45,2026-10-06,6831695,-4267315,0.45,0,30466345,24000,116740,0,1408,-87230,406770,Long Unwinding,Long Unwinding
2026-10-05 13:45,2026-10-06,1520220,-1010230,0.35,0,5836025,24200,11700,0,1600,-7150,81640,Long Unwinding,Long Unwinding
2026-10-05 13:45,2026-10-06,821015,-854295,0.35,0,2376790,24400,7670,0,1819.2,-3445,51740,Long Unwinding,Long Unwinding
2026-10-05 13:45,2026-10-06,342810,-875810,0.4,0,2523495,24600,11115,0,2000.05,-10270,7215,Long Unwinding,Long Unwinding
2026-10-05 13:45,2026-10-06,266695,-121615,0.3,0,632255,24800,1365,0,2280,-585,10660,Long Unwinding,Long Unwinding
2026-10-05 13:45,2026-10-06,1546155,-598455,0.3,0,5349565,25000,42575,0,2400,-34255,65130,Long Unwinding,Long Unwinding
2026-10-05 13:45,2026-10-06,281515,5330,0.25,0,979680,25200,65,0,2692,0,1040,Short Buildup,N/A
2026-10-05 13:45,2026-10-06,42120,-910,0.3,0,52650,25400,585,0,2925,0,2080,Long Unwinding,N/A
2026-10-05 13:45,2026-10-06,125645,-14885,0.3,0,200200,25600,130,0,2443.05,-130,0,Long Unwinding,Long Unwinding
2026-10-05 13:45,2026-10-06,608855,50310,0.25,0,1152840,25800,5395,0,3310,-4680,5395,Short Buildup,Long Unwinding
2026-10-05 13:45,2026-10-06,0,0,0,0,0,26000,0,0,0,0,0,N/A,N/A
2026-10-05 13:45,2026-10-06,0,0,0,0,0,26200,0,0,0,0,0,N/A,N/A
2026-10-05 13:45,2026-10-06,0,0,0,0,0,26400,0,0,0,0,0,N/A,N/A
2026-10-05 13:45,2026-10-06,0,0,0,0,0,26600,0,0,0,0,0,N/A,N/A
2026-10-05 13:45,2026-10-06,0,0,0,0,0,26800,0,0,0,0,0,N/A,N/A
2026-10-05 13:45,2026-10-06,0,0,0,0,0,27000,0,0,0,0,0,N/A,N/A
2026-10-05 13:45,2026-10-06,0,0,0,0,0,27200,0,0,0,0,0,N/A,N/A
2026-10-05 13:45,2026-10-06,0,0,0,0,0,27400,0,0,0,0,0,N/A,N/A
2026-10-05 13:45,2026-10-06,0,0,0,0,0,27600,0,0,0,0,0,N/A,N/A
2026-10-05 13:45,2026-10-06,0,0,0,0,0,27800,0,0,0,0,0,N/A,N/A
2026-10-05 13:45,2026-10-06,0,0,0,0,0,28000,0,0,0,0,0,N/A,N/A
2026-10-05 13:45,2026-10-06,0,0,0,0,0,28200,0,0,0,0,0,N/A,N/A
2026-10-05 13:45,2026-10-06,0,0,0,0,0,28400,0,0,0,0,0,N/A,N/A
2026-10-05 13:45,2026-10-06,0,0,0,0,0,28600,0,0,0,0,0,N/A,N/A
2026-10-05 13:45,2026-10-06,0,0,0,0,0,28800,0,0,0,0,0,N/A,N/A
2026-10-05 13:45,2026-10-06,0,0,0,0,0,29000,0,0,0,0,0,N/A,N/A
2026-10-05 13:45,2026-10-06,0,0,0,0,0,29200,0,0,0,0,0,N/A,N/A
2026-10-05 13:50,2026-10-06,8645,4745,1565,0,7475,21000,24744655,0,0.8,-1507285,4205045,Short Buildup,Short Covering
2026-10-05 13:50,2026-10-06,0,0,0,0,0,21200,20015190,0,0.95,81250,2047305,N/A,Short Buildup
2026-10-05 13:50,2026-10-06,1300,0,1083.05,0,325,21400,33418385,0,1.25,94965,3281460,N/A,Long Buildup
2026-10-05 13:50,2026-10-06,4875,0,908.45,0,1170,21600,79663025,0,1.8,2239575,5293470,N/A,Long Buildup
2026-10-05 13:50,2026-10-06,36790,-4940,765.15,0,49530,21800,126915295,0,2.75,2670070,8187725,Long Unwinding,Long Buildup
2026-10-05 13:50,2026-10-06,535015,-240890,574.95,0,2864485,22000,171893540,0,5.3,4172740,14231230,Long Unwinding,Long Buildup
2026-10-05 13:50,2026-10-06,634140,-206895,384.05,0,6183125,22200,212986735,0,13.05,4064320,10569650,Long Unwinding,Long Buildup
2026-10-05 13:50,2026-10-06,3687515,123695,208.9,0,126039095,22400,487959745,0,37.55,13714610,17950270,Short Buildup,Long Buildup
2026-10-05 13:50,2026-10-06,19315465,13226070,76.2,0,550636580,22600,313840735,0,104,6167590,8680750,Short Buildup,Long Buildup
2026-10-05 13:50,2026-10-06,16429400,7486310,16.2,0,237210415,22800,17984460,0,246,-73905,1734460,Short Buildup,Short Covering
2026-10-05 13:50,2026-10-06,16312270,2547545,3.9,0,125342945,23000,3433430,0,433,-338780,1325025,Short Buildup,Short Covering
2026-10-05 13:50,2026-10-06,8959730,-515775,1.55,0,76433045,23200,253110,0,635,-82485,381355,Long Unwinding,Short Covering
2026-10-05 13:50,2026-10-06,6065410,972725,1.05,0,36273965,23400,136305,0,830,-67535,483925,Long Buildup,Short Covering
2026-10-05 13:50,2026-10-06,4229420,-320905,0.75,0,23395775,23600,60060,0,1042.05,-28210,133055,Short Covering,Short Covering
2026-10-05 13:50,2026-10-06,3418935,-756210,0.55,0,15061735,23800,21840,0,1231,-12090,91780,Short Covering,Short Covering
2026-10-05 13:50,2026-10-06,6582680,-4516330,0.5,0,31104775,24000,122135,0,1437,-89960,404040,Short Covering,Short Covering
2026-10-05 13:50,2026-10-06,1450085,-1080365,0.4,0,6073340,24200,11700,0,1600,-7150,81640,Short Covering,Long Unwinding
2026-10-05 13:50,2026-10-06,797745,-877565,0.4,0,2377765,24400,7670,0,1819.2,-3445,51740,Short Covering,Long Unwinding
2026-10-05 13:50,2026-10-06,336895,-881725,0.35,0,2556255,24600,11245,0,2037.95,-10335,7150,Long Unwinding,Short Covering
2026-10-05 13:50,2026-10-06,266695,-121615,0.3,0,632320,24800,1365,0,2280,-585,10660,Long Unwinding,Long Unwinding
2026-10-05 13:50,2026-10-06,1536730,-607880,0.25,0,5378035,25000,43680,0,2430,-35880,63505,Long Unwinding,Short Covering
2026-10-05 13:50,2026-10-06,281515,5330,0.25,0,979680,25200,130,0,2640,-65,975,Short Buildup,Long Unwinding
2026-10-05 13:50,2026-10-06,42315,-715,0.3,0,52975,25400,650,0,2840,-585,1495,Long Unwinding,Long Unwinding
2026-10-05 13:50,2026-10-06,125645,-14885,0.25,0,200850,25600,130,0,2443.05,-130,0,Long Unwinding,Long Unwinding
2026-10-05 13:50,2026-10-06,625755,67210,0.25,0,1196390,25800,5395,0,3310,-4680,5395,Short Buildup,Long Unwinding
2026-10-05 13:50,2026-10-06,0,0,0,0,0,26000,0,0,0,0,0,N/A,N/A
2026-10-05 13:50,2026-10-06,0,0,0,0,0,26200,0,0,0,0,0,N/A,N/A
2026-10-05 13:50,2026-10-06,0,0,0,0,0,26400,0,0,0,0,0,N/A,N/A
2026-10-05 13:50,2026-10-06,0,0,0,0,0,26600,0,0,0,0,0,N/A,N/A
2026-10-05 13:50,2026-10-06,0,0,0,0,0,26800,0,0,0,0,0,N/A,N/A
2026-10-05 13:50,2026-10-06,0,0,0,0,0,27000,0,0,0,0,0,N/A,N/A
2026-10-05 13:50,2026-10-06,0,0,0,0,0,27200,0,0,0,0,0,N/A,N/A
2026-10-05 13:50,2026-10-06,0,0,0,0,0,27400,0,0,0,0,0,N/A,N/A
2026-10-05 13:50,2026-10-06,0,0,0,0,0,27600,0,0,0,0,0,N/A,N/A
2026-10-05 13:50,2026-10-06,0,0,0,0,0,27800,0,0,0,0,0,N/A,N/A
2026-10-05 13:50,2026-10-06,0,0,0,0,0,28000,0,0,0,0,0,N/A,N/A
2026-10-05 13:50,2026-10-06,0,0,0,0,0,28200,0,0,0,0,0,N/A,N/A
2026-10-05 13:50,2026-10-06,0,0,0,0,0,28400,0,0,0,0,0,N/A,N/A
2026-10-05 13:50,2026-10-06,0,0,0,0,0,28600,0,0,0,0,0,N/A,N/A
2026-10-05 13:50,2026-10-06,0,0,0,0,0,28800,0,0,0,0,0,N/A,N/A
2026-10-05 13:50,2026-10-06,0,0,0,0,0,29000,0,0,0,0,0,N/A,N/A
2026-10-05 13:50,2026-10-06,0,0,0,0,0,29200,0,0,0,0,0,N/A,N/A
2026-10-05 13:55,2026-10-06,8775,4875,1575,0,7605,21000,24822460,0,0.8,-1513265,4199065,Long Buildup,Long Unwinding
2026-10-05 13:55,2026-10-06,0,0,0,0,0,21200,20313865,0,0.95,111150,2077205,N/A,Short Buildup
2026-10-05 13:55,2026-10-06,1300,0,1083.05,0,325,21400,33662850,0,1.25,169520,3356015,N/A,Short Buildup
2026-10-05 13:55,2026-10-06,4875,0,908.45,0,1170,21600,79900210,0,1.8,2215915,5269810,N/A,Short Buildup
2026-10-05 13:55,2026-10-06,36790,-4940,765.15,0,49530,21800,128631555,0,2.65,2760355,8278010,Long Unwinding,Short Buildup
2026-10-05 13:55,2026-10-06,535600,-240305,580.8,0,2893995,22000,173624100,0,5,4147780,14206270,Short Covering,Short Buildup
2026-10-05 13:55,2026-10-06,633490,-207545,390.8,0,6232720,22200,215251530,0,12.1,4066530,10571860,Short Covering,Short Buildup
2026-10-05 13:55,2026-10-06,3682185,118365,213,0,127464805,22400,493676235,0,34.95,13327470,17563130,Long Buildup,Short Buildup
2026-10-05 13:55,2026-10-06,20341750,14252355,78.15,0,562847805,22600,318006325,0,99.4,6512025,9025185,Long Buildup,Short Buildup
2026-10-05 13:55,2026-10-06,16762785,7819695,17.1,0,243468485,22800,18232370,0,240,-19955,1788410,Long Buildup,Long Unwinding
2026-10-05 13:55,2026-10-06,16305315,2540590,4.05,0,127081890,23000,3475355,0,426.5,-337740,1326065,Long Buildup,Long Unwinding
2026-10-05 13:55,2026-10-06,8916765,-558740,1.6,0,76895455,23200,257270,0,625.95,-83265,380575,Short Covering,Long Unwinding
2026-10-05 13:55,2026-10-06,6030115,937430,1.1,0,36900825,23400,143910,0,827.1,-74945,476515,Long Buildup,Long Unwinding
2026-10-05 13:55,2026-10-06,4193930,-356395,0.75,0,23583625,23600,60125,0,1019.8,-28275,132990,Long Unwinding,Long Unwinding
2026-10-05 13:55,2026-10-06,3392285,-782860,0.5,0,15104440,23800,22230,0,1222,-12545,91325,Long Unwinding,Long Unwinding
2026-10-05 13:55,2026-10-06,6529705,-4569305,0.45,0,31492175,24000,149240,0,1422,-115505,378495,Long Unwinding,Long Unwinding
2026-10-05 13:55,2026-10-06,1449500,-1080950,0.45,0,6074510,24200,11700,0,1600,-7150,81640,Short Covering,Long Unwinding
2026-10-05 13:55,2026-10-06,802750,-872560,0.35,0,2383225,24400,7865,0,1825,-3445,51740,Long Unwinding,Short Covering
2026-10-05 13:55,2026-10-06,337675,-880945,0.4,0,2557295,24600,11375,0,2019.9,-10270,7215,Short Covering,Long Unwinding
2026-10-05 13:55,2026-10-06,266695,-121615,0.3,0,632320,24800,1365,0,2280,-585,10660,Long Unwinding,Long Unwinding
2026-10-05 13:55,2026-10-06,1529970,-614640,0.2,0,5542680,25000,44265,0,2425,-35945,63440,Long Unwinding,Long Unwinding
2026-10-05 13:55,2026-10-06,280215,4030,0.25,0,1016470,25200,130,0,2640,-65,975,Short Buildup,Long Unwinding
2026-10-05 13:55,2026-10-06,42250,-780,0.3,0,53105,25400,650,0,2840,-585,1495,Long Unwinding,Long Unwinding
2026-10-05 13:55,2026-10-06,125645,-14885,0.25,0,212160,25600,130,0,2443.05,-130,0,Long Unwinding,Long Unwinding
2026-10-05 13:55,2026-10-06,625755,67210,0.25,0,1198405,25800,5395,0,3310,-4680,5395,Short Buildup,Long Unwinding
2026-10-05 13:55,2026-10-06,0,0,0,0,0,26000,0,0,0,0,0,N/A,N/A
2026-10-05 13:55,2026-10-06,0,0,0,0,0,26200,0,0,0,0,0,N/A,N/A
2026-10-05 13:55,2026-10-06,0,0,0,0,0,26400,0,0,0,0,0,N/A,N/A
2026-10-05 13:55,2026-10-06,0,0,0,0,0,26600,0,0,0,0,0,N/A,N/A
2026-10-05 13:55,2026-10-06,0,0,0,0,0,26800,0,0,0,0,0,N/A,N/A
2026-10-05 13:55,2026-10-06,0,0,0,0,0,27000,0,0,0,0,0,N/A,N/A
2026-10-05 13:55,2026-10-06,0,0,0,0,0,27200,0,0,0,0,0,N/A,N/A
2026-10-05 13:55,2026-10-06,0,0,0,0,0,27400,0,0,0,0,0,N/A,N/A
2026-10-05 13:55,2026-10-06,0,0,0,0,0,27600,0,0,0,0,0,N/A,N/A
2026-10-05 13:55,2026-10-06,0,0,0,0,0,27800,0,0,0,0,0,N/A,N/A
2026-10-05 13:55,2026-10-06,0,0,0,0,0,28000,0,0,0,0,0,N/A,N/A
2026-10-05 13:55,2026-10-06,0,0,0,0,0,28200,0,0,0,0,0,N/A,N/A
2026-10-05 13:55,2026-10-06,0,0,0,0,0,28400,0,0,0,0,0,N/A,N/A
2026-10-05 13:55,2026-10-06,0,0,0,0,0,28600,0,0,0,0,0,N/A,N/A
2026-10-05 13:55,2026-10-06,0,0,0,0,0,28800,0,0,0,0,0,N/A,N/A
2026-10-05 13:55,2026-10-06,0,0,0,0,0,29000,0,0,0,0,0,N/A,N/A
2026-10-05 13:55,2026-10-06,0,0,0,0,0,29200,0,0,0,0,0,N/A,N/A
2026-10-05 14:00,2026-10-06,8840,4940,1565,0,7670,21000,25157795,0,0.8,-1419275,4293055,Short Buildup,Long Unwinding
2026-10-05 14:00,2026-10-06,0,0,0,0,0,21200,20653685,0,1,72995,2039050,N/A,Long Buildup
2026-10-05 14:00,2026-10-06,1300,0,1083.05,0,325,21400,34656440,0,1.25,179140,3365635,N/A,Short Buildup
2026-10-05 14:00,2026-10-06,4875,0,908.45,0,1170,21600,81458650,0,1.65,2093975,5147870,N/A,Short Buildup
2026-10-05 14:00,2026-10-06,36855,-4875,761.1,0,50180,21800,130369525,0,2.6,2854670,8372325,Long Unwinding,Short Buildup
2026-10-05 14:00,2026-10-06,524290,-251615,570.85,0,2928120,22000,175326515,0,5.2,4085510,14144000,Long Unwinding,Long Buildup
2026-10-05 14:00,2026-10-06,634725,-206310,378.85,0,6282445,22200,218209225,0,12.8,4388865,10894195,Long Unwinding,Long Buildup
2026-10-05 14:00,2026-10-06,3557710,-6110,202.2,0,128816090,22400,498785755,0,37.35,13755300,17990960,Long Unwinding,Long Buildup
2026-10-05 14:00,2026-10-06,19410040,13320645,70.75,0,575272815,22600,323306490,0,106,6767540,9280700,Short Buildup,Long Buildup
2026-10-05 14:00,2026-10-06,15525965,6582875,14.85,0,250669445,22800,18494125,0,249,-64025,1744340,Short Buildup,Short Covering
2026-10-05 14:00,2026-10-06,16376360,2611635,3.7,0,129527320,23000,3544190,0,439.7,-349115,1314690,Short Buildup,Short Covering
2026-10-05 14:00,2026-10-06,8788520,-686985,1.5,0,77621960,23200,259415,0,642.9,-83980,379860,Long Unwinding,Short Covering
2026-10-05 14:00,2026-10-06,5960825,868140,1,0,37297065,23400,144040,0,829.15,-74945,476515,Short Buildup,Short Covering
2026-10-05 14:00,2026-10-06,4217330,-332995,0.75,0,23982205,23600,60190,0,1030,-28340,132925,Long Unwinding,Short Covering
2026-10-05 14:00,2026-10-06,3234725,-940420,0.5,0,15349165,23800,22230,0,1222,-12545,91325,Long Unwinding,Long Unwinding
2026-10-05 14:00,2026-10-06,6508580,-4590430,0.55,0,31896930,24000,157885,0,1447.75,-123565,370435,Short Covering,Short Covering
2026-10-05 14:00,2026-10-06,1441895,-1088555,0.4,0,6086015,24200,11700,0,1600,-7150,81640,Long Unwinding,Long Unwinding
2026-10-05 14:00,2026-10-06,800670,-874640,0.35,0,2393430,24400,7865,0,1825,-3445,51740,Long Unwinding,Long Unwinding
2026-10-05 14:00,2026-10-06,337610,-881010,0.35,0,2557360,24600,11375,0,2019.9,-10270,7215,Long Unwinding,Long Unwinding
2026-10-05 14:00,2026-10-06,260000,-128310,0.3,0,678405,24800,1365,0,2280,-585,10660,Long Unwinding,Long Unwinding
2026-10-05 14:00,2026-10-06,1499940,-644670,0.25,0,5591495,25000,44395,0,2425,-36075,63310,Short Covering,Long Unwinding
2026-10-05 14:00,2026-10-06,280735,4550,0.2,0,1120600,25200,130,0,2640,-65,975,Short Buildup,Long Unwinding
2026-10-05 14:00,2026-10-06,41795,-1235,0.3,0,53820,25400,650,0,2840,-585,1495,Long Unwinding,Long Unwinding
2026-10-05 14:00,2026-10-06,125645,-14885,0.25,0,216905,25600,130,0,2443.05,-130,0,Long Unwinding,Long Unwinding
2026-10-05 14:00,2026-10-06,630500,71955,0.25,0,1245205,25800,5395,0,3310,-4680,5395,Short Buildup,Long Unwinding
2026-10-05 14:00,2026-10-06,0,0,0,0,0,26000,0,0,0,0,0,N/A,N/A
2026-10-05 14:00,2026-10-06,0,0,0,0,0,26200,0,0,0,0,0,N/A,N/A
2026-10-05 14:00,2026-10-06,0,0,0,0,0,26400,0,0,0,0,0,N/A,N/A
2026-10-05 14:00,2026-10-06,0,0,0,0,0,26600,0,0,0,0,0,N/A,N/A
2026-10-05 14:00,2026-10-06,0,0,0,0,0,26800,0,0,0,0,0,N/A,N/A
2026-10-05 14:00,2026-10-06,0,0,0,0,0,27000,0,0,0,0,0,N/A,N/A
2026-10-05 14:00,2026-10-06,0,0,0,0,0,27200,0,0,0,0,0,N/A,N/A
2026-10-05 14:00,2026-10-06,0,0,0,0,0,27400,0,0,0,0,0,N/A,N/A
2026-10-05 14:00,2026-10-06,0,0,0,0,0,27600,0,0,0,0,0,N/A,N/A
2026-10-05 14:00,2026-10-06,0,0,0,0,0,27800,0,0,0,0,0,N/A,N/A
2026-10-05 14:00,2026-10-06,0,0,0,0,0,28000,0,0,0,0,0,N/A,N/A
2026-10-05 14:00,2026-10-06,0,0,0,0,0,28200,0,0,0,0,0,N/A,N/A
2026-10-05 14:00,2026-10-06,0,0,0,0,0,28400,0,0,0,0,0,N/A,N/A
2026-10-05 14:00,2026-10-06,0,0,0,0,0,28600,0,0,0,0,0,N/A,N/A
2026-10-05 14:00,2026-10-06,0,0,0,0,0,28800,0,0,0,0,0,N/A,N/A
2026-10-05 14:00,2026-10-06,0,0,0,0,0,29000,0,0,0,0,0,N/A,N/A
2026-10-05 14:00,2026-10-06,0,0,0,0,0,29200,0,0,0,0,0,N/A,N/A
2026-10-05 14:05,2026-10-06,9035,5135,1543,0,7865,21000,25398035,0,0.85,-1437865,4274465,Short Buildup,Short Covering
2026-10-05 14:05,2026-10-06,0,0,0,0,0,21200,20951645,0,1,151840,2117895,N/A,Short Buildup
2026-10-05 14:05,2026-10-06,1300,0,1083.05,0,325,21400,35686885,0,1.2,-44200,3142295,N/A,Long Unwinding
2026-10-05 14:05,2026-10-06,4875,0,908.45,0,1170,21600,83522465,0,1.75,2045030,5098925,N/A,Long Buildup
2026-10-05 14:05,2026-10-06,38870,-2860,719.65,0,54535,21800,133971240,0,2.85,2894710,8412365,Long Unwinding,Long Buildup
2026-10-05 14:05,2026-10-06,515190,-260715,528.8,0,2967965,22000,179567115,0,6.35,3842865,13901355,Long Unwinding,Long Buildup
2026-10-05 14:05,2026-10-06,638625,-202410,342.35,0,6390540,22200,223971930,0,17.65,4263285,10768615,Long Unwinding,Long Buildup
2026-10-05 14:05,2026-10-06,3552900,-10920,172.7,0,131200485,22400,511189055,0,51,12974130,17209790,Long Unwinding,Long Buildup
2026-10-05 14:05,2026-10-06,17962815,11873420,56.8,0,593405280,22600,332586150,0,134.3,6076200,8589360,Short Buildup,Long Buildup
2026-10-05 14:05,2026-10-06,15384850,6441760,11.9,0,260631670,22800,18947175,0,290.05,-154375,1653990,Short Buildup,Short Covering
2026-10-05 14:05,2026-10-06,16321045,2556320,3.35,0,132031640,23000,3628430,0,478.9,-372190,1291615,Short Buildup,Short Covering
2026-10-05 14:05,2026-10-06,8863140,-612365,1.5,0,78449345,23200,262340,0,665,-84825,379015,Long Unwinding,Short Covering
2026-10-05 14:05,2026-10-06,5939570,846885,1,0,37711570,23400,145600,0,890.5,-75335,476125,Short Buildup,Short Covering
2026-10-05 14:05,2026-10-06,4344535,-205790,0.8,0,24825125,23600,60450,0,1080.95,-28275,132990,Short Covering,Short Covering
2026-10-05 14:05,2026-10-06,3210090,-965055,0.5,0,15509390,23800,32890,0,1267.9,-13715,90155,Long Unwinding,Short Covering
2026-10-05 14:05,2026-10-06,6426875,-4672135,0.5,0,32036355,24000,161395,0,1473.2,-126685,367315,Long Unwinding,Short Covering
2026-10-05 14:05,2026-10-06,1419730,-1110720,0.4,0,6116890,24200,11700,0,1600,-7150,81640,Long Unwinding,Long Unwinding
2026-10-05 14:05,2026-10-06,792935,-882375,0.35,0,2442635,24400,37830,0,1837.25,-13910,41275,Long Unwinding,Short Covering
2026-10-05 14:05,2026-10-06,342225,-876395,0.35,0,2563470,24600,11440,0,2086.65,-10400,7085,Long Unwinding,Short Covering
2026-10-05 14:05,2026-10-06,259480,-128830,0.3,0,685620,24800,1365,0,2280,-585,10660,Long Unwinding,Long Unwinding
2026-10-05 14:05,2026-10-06,1497405,-647205,0.25,0,5625425,25000,44850,0,2435,-36205,63180,Long Unwinding,Short Covering
2026-10-05 14:05,2026-10-06,280345,4160,0.2,0,1165775,25200,130,0,2640,-65,975,Short Buildup,Long Unwinding
2026-10-05 14:05,2026-10-06,41795,-1235,0.3,0,53820,25400,650,0,2840,-585,1495,Long Unwinding,Long Unwinding
2026-10-05 14:05,2026-10-06,125645,-14885,0.25,0,217295,25600,130,0,2443.05,-130,0,Long Unwinding,Long Unwinding
2026-10-05 14:05,2026-10-06,645320,86775,0.25,0,1247870,25800,5395,0,3310,-4680,5395,Short Buildup,Long Unwinding
2026-10-05 14:05,2026-10-06,0,0,0,0,0,26000,0,0,0,0,0,N/A,N/A
2026-10-05 14:05,2026-10-06,0,0,0,0,0,26200,0,0,0,0,0,N/A,N/A
2026-10-05 14:05,2026-10-06,0,0,0,0,0,26400,0,0,0,0,0,N/A,N/A
2026-10-05 14:05,2026-10-06,0,0,0,0,0,26600,0,0,0,0,0,N/A,N/A
2026-10-05 14:05,2026-10-06,0,0,0,0,0,26800,0,0,0,0,0,N/A,N/A
2026-10-05 14:05,2026-10-06,0,0,0,0,0,27000,0,0,0,0,0,N/A,N/A
2026-10-05 14:05,2026-10-06,0,0,0,0,0,27200,0,0,0,0,0,N/A,N/A
2026-10-05 14:05,2026-10-06,0,0,0,0,0,27400,0,0,0,0,0,N/A,N/A
2026-10-05 14:05,2026-10-06,0,0,0,0,0,27600,0,0,0,0,0,N/A,N/A
2026-10-05 14:05,2026-10-06,0,0,0,0,0,27800,0,0,0,0,0,N/A,N/A
2026-10-05 14:05,2026-10-06,0,0,0,0,0,28000,0,0,0,0,0,N/A,N/A
2026-10-05 14:05,2026-10-06,0,0,0,0,0,28200,0,0,0,0,0,N/A,N/A
2026-10-05 14:05,2026-10-06,0,0,0,0,0,28400,0,0,0,0,0,N/A,N/A
2026-10-05 14:05,2026-10-06,0,0,0,0,0,28600,0,0,0,0,0,N/A,N/A
2026-10-05 14:05,2026-10-06,0,0,0,0,0,28800,0,0,0,0,0,N/A,N/A
2026-10-05 14:05,2026-10-06,0,0,0,0,0,29000,0,0,0,0,0,N/A,N/A
2026-10-05 14:05,2026-10-06,0,0,0,0,0,29200,0,0,0,0,0,N/A,N/A
2026-10-05 14:10,2026-10-06,9100,5200,1543.25,0,7930,21000,25643215,0,0.8,-1335230,4377100,Long Buildup,Long Unwinding
2026-10-05 14:10,2026-10-06,0,0,0,0,0,21200,21061170,0,0.95,227435,2193490,N/A,Short Buildup
2026-10-05 14:10,2026-10-06,1300,0,1083.05,0,325,21400,36233860,0,1.15,-118235,3068260,N/A,Long Unwinding
2026-10-05 14:10,2026-10-06,4875,0,908.45,0,1170,21600,85092215,0,1.5,1940770,4994665,N/A,Short Buildup
2026-10-05 14:10,2026-10-06,39000,-2730,747.2,0,56875,21800,137130825,0,2.4,2960815,8478470,Short Covering,Short Buildup
2026-10-05 14:10,2026-10-06,516815,-259090,545.2,0,3018080,22000,185573960,0,5.3,3900780,13959270,Short Covering,Short Buildup
2026-10-05 14:10,2026-10-06,651300,-189735,355,0,6557525,22200,233297415,0,14.55,4044365,10549695,Short Covering,Short Buildup
2026-10-05 14:10,2026-10-06,3702530,138710,184.85,0,134299035,22400,527890155,0,44,12109305,16344965,Long Buildup,Short Buildup
2026-10-05 14:10,2026-10-06,18705440,12616045,62.9,0,609665550,22600,340963350,0,122.85,5454345,7967505,Long Buildup,Short Buildup
2026-10-05 14:10,2026-10-06,15157870,6214780,14,0,268823685,22800,19351800,0,273.7,-165880,1642485,Long Buildup,Long Unwinding
2026-10-05 14:10,2026-10-06,16172000,2407275,3.75,0,135038735,23000,3712215,0,464.35,-380055,1283750,Long Buildup,Long Unwinding
2026-10-05 14:10,2026-10-06,8883615,-591890,1.55,0,79456585,23200,269035,0,653.9,-86125,377715,Short Covering,Long Unwinding
2026-10-05 14:10,2026-10-06,5835960,743275,0.95,0,38481300,23400,147355,0,855.8,-75010,476450,Short Buildup,Long Unwinding
2026-10-05 14:10,2026-10-06,4461145,-89180,0.8,0,25180220,23600,62140,0,1057.55,-28535,132730,Long Unwinding,Long Unwinding
2026-10-05 14:10,2026-10-06,3163225,-1011920,0.55,0,15850185,23800,58565,0,1265,-17810,86060,Short Covering,Long Unwinding
2026-10-05 14:10,2026-10-06,6429280,-4669730,0.5,0,32097260,24000,164905,0,1454.05,-130000,364000,Long Unwinding,Long Unwinding
2026-10-05 14:10,2026-10-06,1401790,-1128660,0.4,0,6170125,24200,11700,0,1600,-7150,81640,Long Unwinding,Long Unwinding
2026-10-05 14:10,2026-10-06,784095,-891215,0.35,0,2454530,24400,37960,0,1880,-14625,40560,Long Unwinding,Short Covering
2026-10-05 14:10,2026-10-06,342550,-876070,0.35,0,2569060,24600,11895,0,2087.2,-10465,7020,Long Unwinding,Short Covering
2026-10-05 14:10,2026-10-06,259480,-128830,0.3,0,685620,24800,1365,0,2280,-585,10660,Long Unwinding,Long Unwinding
2026-10-05 14:10,2026-10-06,1491165,-653445,0.2,0,5643820,25000,45305,0,2460,-36530,62855,Long Unwinding,Short Covering
2026-10-05 14:10,2026-10-06,280345,4160,0.25,0,1169415,25200,130,0,2640,-65,975,Long Buildup,Long Unwinding
2026-10-05 14:10,2026-10-06,41535,-1495,0.3,0,53950,25400,650,0,2840,-585,1495,Long Unwinding,Long Unwinding
2026-10-05 14:10,2026-10-06,127335,-13195,0.3,0,235950,25600,130,0,2443.05,-130,0,Short Covering,Long Unwinding
2026-10-05 14:10,2026-10-06,633945,75400,0.25,0,1291095,25800,5395,0,3310,-4680,5395,Short Buildup,Long Unwinding
2026-10-05 14:10,2026-10-06,0,0,0,0,0,26000,0,0,0,0,0,N/A,N/A
2026-10-05 14:10,2026-10-06,0,0,0,0,0,26200,0,0,0,0,0,N/A,N/A
2026-10-05 14:10,2026-10-06,0,0,0,0,0,26400,0,0,0,0,0,N/A,N/A
2026-10-05 14:10,2026-10-06,0,0,0,0,0,26600,0,0,0,0,0,N/A,N/A
2026-10-05 14:10,2026-10-06,0,0,0,0,0,26800,0,0,0,0,0,N/A,N/A
2026-10-05 14:10,2026-10-06,0,0,0,0,0,27000,0,0,0,0,0,N/A,N/A
2026-10-05 14:10,2026-10-06,0,0,0,0,0,27200,0,0,0,0,0,N/A,N/A
2026-10-05 14:10,2026-10-06,0,0,0,0,0,27400,0,0,0,0,0,N/A,N/A
2026-10-05 14:10,2026-10-06,0,0,0,0,0,27600,0,0,0,0,0,N/A,N/A
2026-10-05 14:10,2026-10-06,0,0,0,0,0,27800,0,0,0,0,0,N/A,N/A
2026-10-05 14:10,2026-10-06,0,0,0,0,0,28000,0,0,0,0,0,N/A,N/A
2026-10-05 14:10,2026-10-06,0,0,0,0,0,28200,0,0,0,0,0,N/A,N/A
2026-10-05 14:10,2026-10-06,0,0,0,0,0,28400,0,0,0,0,0,N/A,N/A
2026-10-05 14:10,2026-10-06,0,0,0,0,0,28600,0,0,0,0,0,N/A,N/A
2026-10-05 14:10,2026-10-06,0,0,0,0,0,28800,0,0,0,0,0,N/A,N/A
2026-10-05 14:10,2026-10-06,0,0,0,0,0,29000,0,0,0,0,0,N/A,N/A
2026-10-05 14:10,2026-10-06,0,0,0,0,0,29200,0,0,0,0,0,N/A,N/A
2026-10-05 14:20,2026-10-06,9100,5200,1543.25,0,7930,21000,25834445,0,0.75,-1364155,4348175,Short Buildup,Long Unwinding
2026-10-05 14:20,2026-10-06,0,0,0,0,0,21200,21437325,0,1.05,177775,2143830,N/A,Long Buildup
2026-10-05 14:20,2026-10-06,1300,0,1083.05,0,325,21400,37143795,0,1.2,140725,3327220,N/A,Long Buildup
2026-10-05 14:20,2026-10-06,4810,-65,946,0,1300,21600,86508110,0,1.55,1939600,4993495,Short Covering,Long Buildup
2026-10-05 14:20,2026-10-06,38870,-2860,769,0,58760,21800,140970505,0,2.4,2930655,8448310,Short Covering,Short Buildup
2026-10-05 14:20,2026-10-06,512590,-263315,571,0,3066700,22000,191111245,0,4.95,3986580,14045070,Short Covering,Short Buildup
2026-10-05 14:20,2026-10-06,646880,-194155,380.8,0,6773520,22200,241743060,0,12.95,3868800,10374130,Short Covering,Short Buildup
2026-10-05 14:20,2026-10-06,3466060,-97760,207.55,0,138584745,22400,546279695,0,38,12247820,16483480,Short Covering,Short Buildup
2026-10-05 14:20,2026-10-06,18442060,12352665,75.95,0,638730040,22600,352256840,0,107.7,5785650,8298810,Long Buildup,Short Buildup
2026-10-05 14:20,2026-10-06,15464215,6521125,17.65,0,280717710,22800,20003490,0,250,-151255,1657110,Long Buildup,Long Unwinding
2026-10-05 14:20,2026-10-06,16131505,2366780,4.3,0,138744710,23000,3820570,0,440.3,-394940,1268865,Long Buildup,Long Unwinding
2026-10-05 14:20,2026-10-06,8812895,-662610,1.6,0,80609165,23200,276575,0,637,-88205,375635,Short Covering,Long Unwinding
2026-10-05 14:20,2026-10-06,5684120,591435,0.95,0,39038415,23400,149890,0,840.65,-77350,474110,Short Buildup,Long Unwinding
2026-10-05 14:20,2026-10-06,4609800,59475,0.8,0,25957230,23600,63440,0,1043,-28470,132795,Short Buildup,Long Unwinding
2026-10-05 14:20,2026-10-06,3156790,-1018355,0.55,0,16118765,23800,60515,0,1235,-18785,85085,Long Unwinding,Long Unwinding
2026-10-05 14:20,2026-10-06,6387355,-4711655,0.55,0,32222190,24000,176605,0,1433,-135850,358150,Short Covering,Long Unwinding
2026-10-05 14:20,2026-10-06,1387490,-1142960,0.4,0,6258785,24200,12090,0,1635,-7605,81185,Long Unwinding,Short Covering
2026-10-05 14:20,2026-10-06,792415,-882895,0.35,0,2491775,24400,37960,0,1880,-14625,40560,Long Unwinding,Long Unwinding
2026-10-05 14:20,2026-10-06,342550,-876070,0.35,0,2569125,24600,11895,0,2087.2,-10465,7020,Long Unwinding,Long Unwinding
2026-10-05 14:20,2026-10-06,259480,-128830,0.3,0,698880,24800,1430,0,2245,-585,10660,Long Unwinding,Long Unwinding
2026-10-05 14:20,2026-10-06,1467700,-676910,0.2,0,5787990,25000,45825,0,2440,-36985,62400,Long Unwinding,Long Unwinding
2026-10-05 14:20,2026-10-06,280215,4030,0.25,0,1408550,25200,130,0,2640,-65,975,Short Buildup,Long Unwinding
2026-10-05 14:20,2026-10-06,44525,1495,0.3,0,60190,25400,650,0,2840,-585,1495,Short Buildup,Long Unwinding
2026-10-05 14:20,2026-10-06,127140,-13390,0.25,0,236860,25600,130,0,2443.05,-130,0,Long Unwinding,Long Unwinding
2026-10-05 14:20,2026-10-06,633945,75400,0.3,0,1294085,25800,5395,0,3310,-4680,5395,Long Buildup,Long Unwinding
2026-10-05 14:20,2026-10-06,0,0,0,0,0,26000,0,0,0,0,0,N/A,N/A
2026-10-05 14:20,2026-10-06,0,0,0,0,0,26200,0,0,0,0,0,N/A,N/A
2026-10-05 14:20,2026-10-06,0,0,0,0,0,26400,0,0,0,0,0,N/A,N/A
2026-10-05 14:20,2026-10-06,0,0,0,0,0,26600,0,0,0,0,0,N/A,N/A
2026-10-05 14:20,2026-10-06,0,0,0,0,0,26800,0,0,0,0,0,N/A,N/A
2026-10-05 14:20,2026-10-06,0,0,0,0,0,27000,0,0,0,0,0,N/A,N/A
2026-10-05 14:20,2026-10-06,0,0,0,0,0,27200,0,0,0,0,0,N/A,N/A
2026-10-05 14:20,2026-10-06,0,0,0,0,0,27400,0,0,0,0,0,N/A,N/A
2026-10-05 14:20,2026-10-06,0,0,0,0,0,27600,0,0,0,0,0,N/A,N/A
2026-10-05 14:20,2026-10-06,0,0,0,0,0,27800,0,0,0,0,0,N/A,N/A
2026-10-05 14:20,2026-10-06,0,0,0,0,0,28000,0,0,0,0,0,N/A,N/A
2026-10-05 14:20,2026-10-06,0,0,0,0,0,28200,0,0,0,0,0,N/A,N/A
2026-10-05 14:20,2026-10-06,0,0,0,0,0,28400,0,0,0,0,0,N/A,N/A
2026-10-05 14:20,2026-10-06,0,0,0,0,0,28600,0,0,0,0,0,N/A,N/A
2026-10-05 14:20,2026-10-06,0,0,0,0,0,28800,0,0,0,0,0,N/A,N/A
2026-10-05 14:20,2026-10-06,0,0,0,0,0,29000,0,0,0,0,0,N/A,N/A
2026-10-05 14:20,2026-10-06,0,0,0,0,0,29200,0,0,0,0,0,N/A,N/A
2026-10-05 14:25,2026-10-06,9100,5200,1543.25,0,7930,21000,25996555,0,0.8,-1363830,4348500,Short Buildup,Short Covering
2026-10-05 14:25,2026-10-06,0,0,0,0,0,21200,21520720,0,1,154635,2120690,N/A,Short Buildup
2026-10-05 14:25,2026-10-06,1300,0,1083.05,0,325,21400,37835070,0,1.2,143585,3330080,N/A,Short Buildup
2026-10-05 14:25,2026-10-06,4810,-65,946,0,1300,21600,87361755,0,1.7,1835990,4889885,Long Unwinding,Long Buildup
2026-10-05 14:25,2026-10-06,38870,-2860,775.7,0,58955,21800,143320840,0,2.55,3048045,8565700,Short Covering,Long Buildup
2026-10-05 14:25,2026-10-06,512980,-262925,570.2,0,3081390,22000,192747815,0,5.2,3961295,14019785,Long Unwinding,Long Buildup
2026-10-05 14:25,2026-10-06,640835,-200200,378.9,0,6844110,22200,244461945,0,13.2,3966495,10471825,Long Unwinding,Long Buildup
2026-10-05 14:25,2026-10-06,3451370,-112450,203.35,0,140169120,22400,552549790,0,38,13045565,17281225,Long Unwinding,Short Buildup
2026-10-05 14:25,2026-10-06,17474340,11384945,72.1,0,651637545,22600,356972135,0,107.75,6390215,8903375,Short Buildup,Long Buildup
2026-10-05 14:25,2026-10-06,15484495,6541405,16.15,0,286804180,22800,20300215,0,251.6,-142675,1665690,Short Buildup,Short Covering
2026-10-05 14:25,2026-10-06,16030040,2265315,4,0,141302525,23000,3857750,0,439.6,-402025,1261780,Short Buildup,Long Unwinding
2026-10-05 14:25,2026-10-06,9115795,-359710,1.6,0,82081220,23200,280085,0,641.55,-91260,372580,Long Unwinding,Short Covering
2026-10-05 14:25,2026-10-06,5642975,550290,0.9,0,39375765,23400,151385,0,835,-78390,473070,Short Buildup,Long Unwinding
2026-10-05 14:25,2026-10-06,4303390,-246935,0.8,0,27554215,23600,76765,0,1040,-36530,124735,Long Unwinding,Long Unwinding
2026-10-05 14:25,2026-10-06,3158740,-1016405,0.55,0,16372980,23800,62530,0,1229.45,-18785,85085,Long Unwinding,Long Unwinding
2026-10-05 14:25,2026-10-06,6360640,-4738370,0.55,0,32308055,24000,178360,0,1438.3,-137800,356200,Long Unwinding,Short Covering
2026-10-05 14:25,2026-10-06,1387750,-1142700,0.4,0,6263725,24200,12155,0,1640,-7670,81120,Long Unwinding,Short Covering
2026-10-05 14:25,2026-10-06,766090,-909220,0.35,0,2519920,24400,37960,0,1880,-14625,40560,Long Unwinding,Long Unwinding
2026-10-05 14:25,2026-10-06,342485,-876135,0.4,0,2578030,24600,12480,0,2030,-11180,6305,Short Covering,Long Unwinding
2026-10-05 14:25,2026-10-06,259480,-128830,0.3,0,703625,24800,1430,0,2245,-585,10660,Long Unwinding,Long Unwinding
2026-10-05 14:25,2026-10-06,1452165,-692445,0.25,0,5920915,25000,46410,0,2438.2,-37570,61815,Short Covering,Long Unwinding
2026-10-05 14:25,2026-10-06,280215,4030,0.25,0,1408680,25200,130,0,2640,-65,975,Short Buildup,Long Unwinding
2026-10-05 14:25,2026-10-06,51155,8125,0.3,0,71305,25400,650,0,2840,-585,1495,Short Buildup,Long Unwinding
2026-10-05 14:25,2026-10-06,127140,-13390,0.25,0,237055,25600,130,0,2443.05,-130,0,Long Unwinding,Long Unwinding
2026-10-05 14:25,2026-10-06,633945,75400,0.25,0,1294800,25800,5395,0,3310,-4680,5395,Short Buildup,Long Unwinding
2026-10-05 14:25,2026-10-06,0,0,0,0,0,26000,0,0,0,0,0,N/A,N/A
2026-10-05 14:25,2026-10-06,0,0,0,0,0,26200,0,0,0,0,0,N/A,N/A
2026-10-05 14:25,2026-10-06,0,0,0,0,0,26400,0,0,0,0,0,N/A,N/A
2026-10-05 14:25,2026-10-06,0,0,0,0,0,26600,0,0,0,0,0,N/A,N/A
2026-10-05 14:25,2026-10-06,0,0,0,0,0,26800,0,0,0,0,0,N/A,N/A
2026-10-05 14:25,2026-10-06,0,0,0,0,0,27000,0,0,0,0,0,N/A,N/A
2026-10-05 14:25,2026-10-06,0,0,0,0,0,27200,0,0,0,0,0,N/A,N/A
2026-10-05 14:25,2026-10-06,0,0,0,0,0,27400,0,0,0,0,0,N/A,N/A
2026-10-05 14:25,2026-10-06,0,0,0,0,0,27600,0,0,0,0,0,N/A,N/A
2026-10-05 14:25,2026-10-06,0,0,0,0,0,27800,0,0,0,0,0,N/A,N/A
2026-10-05 14:25,2026-10-06,0,0,0,0,0,28000,0,0,0,0,0,N/A,N/A
2026-10-05 14:25,2026-10-06,0,0,0,0,0,28200,0,0,0,0,0,N/A,N/A
2026-10-05 14:25,2026-10-06,0,0,0,0,0,28400,0,0,0,0,0,N/A,N/A
2026-10-05 14:25,2026-10-06,0,0,0,0,0,28600,0,0,0,0,0,N/A,N/A
2026-10-05 14:25,2026-10-06,0,0,0,0,0,28800,0,0,0,0,0,N/A,N/A
2026-10-05 14:25,2026-10-06,0,0,0,0,0,29000,0,0,0,0,0,N/A,N/A
2026-10-05 14:25,2026-10-06,0,0,0,0,0,29200,0,0,0,0,0,N/A,N/A
2026-10-05 14:35,2026-10-06,9100,5200,1543.25,0,7930,21000,26180895,0,0.85,-1266330,4446000,Short Buildup,Short Covering
2026-10-05 14:35,2026-10-06,0,0,0,0,0,21200,21627905,0,1,141830,2107885,N/A,Short Buildup
2026-10-05 14:35,2026-10-06,1300,0,1083.05,0,325,21400,38227085,0,1.2,223015,3409510,N/A,Short Buildup
2026-10-05 14:35,2026-10-06,4810,-65,946,0,1300,21600,88931115,0,1.65,1928810,4982705,Long Unwinding,Short Buildup
2026-10-05 14:35,2026-10-06,38870,-2860,775.7,0,58955,21800,145352155,0,2.45,3290170,8807825,Long Unwinding,Short Buildup
2026-10-05 14:35,2026-10-06,510250,-265655,572.65,0,3094390,22000,195279175,0,5,4112680,14171170,Short Covering,Short Buildup
2026-10-05 14:35,2026-10-06,636155,-204880,380.4,0,6926205,22200,247499265,0,12.65,4020510,10525840,Short Covering,Short Buildup
2026-10-05 14:35,2026-10-06,3478995,-84825,204.95,0,141883560,22400,559935350,0,36.9,13174590,17410250,Short Covering,Short Buildup
2026-10-05 14:35,2026-10-06,18211375,12121980,73.9,0,668462535,22600,363517505,0,105.35,7051135,9564295,Long Buildup,Short Buildup
2026-10-05 14:35,2026-10-06,15547415,6604325,16.3,0,293529275,22800,20610005,0,248.35,-119730,1688635,Long Buildup,Long Unwinding
2026-10-05 14:35,2026-10-06,16169530,2404805,3.9,0,143499915,23000,3899935,0,435.9,-405730,1258075,Short Buildup,Long Unwinding
2026-10-05 14:35,2026-10-06,8520850,-954655,1.45,0,84381505,23200,283140,0,637.45,-92625,371215,Long Unwinding,Long Unwinding
2026-10-05 14:35,2026-10-06,5589480,496795,0.9,0,40032525,23400,152425,0,832.5,-78780,472680,Short Buildup,Long Unwinding
2026-10-05 14:35,2026-10-06,4260425,-289900,0.75,0,28142140,23600,81900,0,1040.45,-36855,124410,Long Unwinding,Short Covering
2026-10-05 14:35,2026-10-06,3147365,-1027780,0.45,0,17269785,23800,63050,0,1230.05,-20800,83070,Long Unwinding,Short Covering
2026-10-05 14:35,2026-10-06,6273995,-4825015,0.45,0,32616870,24000,180050,0,1436.4,-139945,354055,Long Unwinding,Long Unwinding
2026-10-05 14:35,2026-10-06,1365130,-1165320,0.4,0,6305130,24200,20605,0,1634,-14560,74230,Long Unwinding,Long Unwinding
2026-10-05 14:35,2026-10-06,765960,-909350,0.35,0,2527395,24400,38545,0,1831.55,-14690,40495,Long Unwinding,Long Unwinding
2026-10-05 14:35,2026-10-06,337805,-880815,0.35,0,2602470,24600,12545,0,2030,-11180,6305,Long Unwinding,Long Unwinding
2026-10-05 14:35,2026-10-06,255255,-133055,0.25,0,704795,24800,1430,0,2245,-585,10660,Long Unwinding,Long Unwinding
2026-10-05 14:35,2026-10-06,1452165,-692445,0.25,0,6351735,25000,46995,0,2434,-38025,61360,Long Unwinding,Long Unwinding
2026-10-05 14:35,2026-10-06,284180,7995,0.25,0,1570335,25200,130,0,2640,-65,975,Short Buildup,Long Unwinding
2026-10-05 14:35,2026-10-06,57200,14170,0.25,0,78780,25400,650,0,2840,-585,1495,Short Buildup,Long Unwinding
2026-10-05 14:35,2026-10-06,127465,-13065,0.25,0,238420,25600,130,0,2443.05,-130,0,Long Unwinding,Long Unwinding
2026-10-05 14:35,2026-10-06,633945,75400,0.25,0,1297205,25800,5395,0,3310,-4680,5395,Short Buildup,Long Unwinding
2026-10-05 14:35,2026-10-06,0,0,0,0,0,26000,0,0,0,0,0,N/A,N/A
2026-10-05 14:35,2026-10-06,0,0,0,0,0,26200,0,0,0,0,0,N/A,N/A
2026-10-05 14:35,2026-10-06,0,0,0,0,0,26400,0,0,0,0,0,N/A,N/A
2026-10-05 14:35,2026-10-06,0,0,0,0,0,26600,0,0,0,0,0,N/A,N/A
2026-10-05 14:35,2026-10-06,0,0,0,0,0,26800,0,0,0,0,0,N/A,N/A
2026-10-05 14:35,2026-10-06,0,0,0,0,0,27000,0,0,0,0,0,N/A,N/A
2026-10-05 14:35,2026-10-06,0,0,0,0,0,27200,0,0,0,0,0,N/A,N/A
2026-10-05 14:35,2026-10-06,0,0,0,0,0,27400,0,0,0,0,0,N/A,N/A
2026-10-05 14:35,2026-10-06,0,0,0,0,0,27600,0,0,0,0,0,N/A,N/A
2026-10-05 14:35,2026-10-06,0,0,0,0,0,27800,0,0,0,0,0,N/A,N/A
2026-10-05 14:35,2026-10-06,0,0,0,0,0,28000,0,0,0,0,0,N/A,N/A
2026-10-05 14:35,2026-10-06,0,0,0,0,0,28200,0,0,0,0,0,N/A,N/A
2026-10-05 14:35,2026-10-06,0,0,0,0,0,28400,0,0,0,0,0,N/A,N/A
2026-10-05 14:35,2026-10-06,0,0,0,0,0,28600,0,0,0,0,0,N/A,N/A
2026-10-05 14:35,2026-10-06,0,0,0,0,0,28800,0,0,0,0,0,N/A,N/A
2026-10-05 14:35,2026-10-06,0,0,0,0,0,29000,0,0,0,0,0,N/A,N/A
2026-10-05 14:35,2026-10-06,0,0,0,0,0,29200,0,0,0,0,0,N/A,N/A
2026-10-05 14:40,2026-10-06,9100,5200,1543.25,0,7930,21000,26230360,0,0.8,-1265550,4446780,Short Buildup,Long Unwinding
2026-10-05 14:40,2026-10-06,0,0,0,0,0,21200,21742760,0,0.95,171535,2137590,N/A,Short Buildup
2026-10-05 14:40,2026-10-06,1300,0,1083.05,0,325,21400,38716145,0,1.15,229645,3416140,N/A,Short Buildup
2026-10-05 14:40,2026-10-06,4810,-65,946,0,1300,21600,90426830,0,1.65,1875510,4929405,Long Unwinding,Short Buildup
2026-10-05 14:40,2026-10-06,38870,-2860,775.7,0,58955,21800,146224260,0,2.55,3333135,8850790,Long Unwinding,Long Buildup
2026-10-05 14:40,2026-10-06,514865,-261040,559.65,0,3107455,22000,196390350,0,5.35,4124380,14182870,Long Unwinding,Long Buildup
2026-10-05 14:40,2026-10-06,629590,-211445,367.1,0,6960980,22200,249167230,0,13.65,4173845,10679175,Long Unwinding,Long Buildup
2026-10-05 14:40,2026-10-06,3375515,-188305,190.9,0,142722515,22400,563995900,0,40.3,13573495,17809155,Long Unwinding,Long Buildup
2026-10-05 14:40,2026-10-06,17407780,11318385,65,0,677062620,22600,367643380,0,113.1,7129070,9642230,Short Buildup,Long Buildup
2026-10-05 14:40,2026-10-06,15486120,6543030,13.45,0,297542960,22800,20793695,0,262.5,-163930,1644435,Short Buildup,Short Covering
2026-10-05 14:40,2026-10-06,16325205,2560480,3.4,0,145286960,23000,3916250,0,452.8,-411320,1252485,Short Buildup,Short Covering
2026-10-05 14:40,2026-10-06,8437520,-1037985,1.3,0,85379060,23200,283660,0,648.9,-92820,371020,Long Unwinding,Short Covering
2026-10-05 14:40,2026-10-06,5541510,448825,0.85,0,40309880,23400,153335,0,850,-79495,471965,Short Buildup,Short Covering
2026-10-05 14:40,2026-10-06,4190160,-360165,0.75,0,28667665,23600,82225,0,1034,-36855,124410,Long Unwinding,Long Unwinding
2026-10-05 14:40,2026-10-06,3147365,-1027780,0.45,0,17277390,23800,63310,0,1241.05,-20865,83005,Long Unwinding,Short Covering
2026-10-05 14:40,2026-10-06,6284005,-4815005,0.45,0,32806410,24000,185900,0,1444.2,-143130,350870,Long Unwinding,Short Covering
2026-10-05 14:40,2026-10-06,1291615,-1238835,0.4,0,6392230,24200,27885,0,1656,-21970,66820,Long Unwinding,Short Covering
2026-10-05 14:40,2026-10-06,765375,-909935,0.35,0,2551900,24400,39455,0,1850,-15795,39390,Long Unwinding,Short Covering
2026-10-05 14:40,2026-10-06,337480,-881140,0.35,0,2602600,24600,12545,0,2030,-11180,6305,Long Unwinding,Long Unwinding
2026-10-05 14:40,2026-10-06,256165,-132145,0.3,0,704860,24800,1430,0,2245,-585,10660,Short Covering,Long Unwinding
2026-10-05 14:40,2026-10-06,1447485,-697125,0.25,0,6365190,25000,47320,0,2458.95,-38415,60970,Long Unwinding,Short Covering
2026-10-05 14:40,2026-10-06,284180,7995,0.25,0,1570335,25200,130,0,2640,-65,975,Short Buildup,Long Unwinding
2026-10-05 14:40,2026-10-06,57200,14170,0.25,0,78780,25400,650,0,2840,-585,1495,Short Buildup,Long Unwinding
2026-10-05 14:40,2026-10-06,127530,-13000,0.3,0,238485,25600,130,0,2443.05,-130,0,Short Covering,Long Unwinding
2026-10-05 14:40,2026-10-06,633945,75400,0.25,0,1298245,25800,5395,0,3310,-4680,5395,Short Buildup,Long Unwinding
2026-10-05 14:40,2026-10-06,0,0,0,0,0,26000,0,0,0,0,0,N/A,N/A
2026-10-05 14:40,2026-10-06,0,0,0,0,0,26200,0,0,0,0,0,N/A,N/A
2026-10-05 14:40,2026-10-06,0,0,0,0,0,26400,0,0,0,0,0,N/A,N/A
2026-10-05 14:40,2026-10-06,0,0,0,0,0,26600,0,0,0,0,0,N/A,N/A
2026-10-05 14:40,2026-10-06,0,0,0,0,0,26800,0,0,0,0,0,N/A,N/A
2026-10-05 14:40,2026-10-06,0,0,0,0,0,27000,0,0,0,0,0,N/A,N/A
2026-10-05 14:40,2026-10-06,0,0,0,0,0,27200,0,0,0,0,0,N/A,N/A
2026-10-05 14:40,2026-10-06,0,0,0,0,0,27400,0,0,0,0,0,N/A,N/A
2026-10-05 14:40,2026-10-06,0,0,0,0,0,27600,0,0,0,0,0,N/A,N/A
2026-10-05 14:40,2026-10-06,0,0,0,0,0,27800,0,0,0,0,0,N/A,N/A
2026-10-05 14:40,2026-10-06,0,0,0,0,0,28000,0,0,0,0,0,N/A,N/A
2026-10-05 14:40,2026-10-06,0,0,0,0,0,28200,0,0,0,0,0,N/A,N/A
2026-10-05 14:40,2026-10-06,0,0,0,0,0,28400,0,0,0,0,0,N/A,N/A
2026-10-05 14:40,2026-10-06,0,0,0,0,0,28600,0,0,0,0,0,N/A,N/A
2026-10-05 14:40,2026-10-06,0,0,0,0,0,28800,0,0,0,0,0,N/A,N/A
2026-10-05 14:40,2026-10-06,0,0,0,0,0,29000,0,0,0,0,0,N/A,N/A
2026-10-05 14:40,2026-10-06,0,0,0,0,0,29200,0,0,0,0,0,N/A,N/A
2026-10-05 14:45,2026-10-06,9360,5460,1560,0,8320,21000,26342355,0,0.8,-1303315,4409015,Long Buildup,Long Unwinding
2026-10-05 14:45,2026-10-06,0,0,1359.7,0,130,21200,21960120,0,1,224120,2190175,N/A,Long Buildup
2026-10-05 14:45,2026-10-06,1300,0,1083.05,0,325,21400,39026000,0,1.2,209885,3396380,N/A,Long Buildup
2026-10-05 14:45,2026-10-06,4810,-65,946,0,1300,21600,91483925,0,1.75,2102490,5156385,Long Unwinding,Long Buildup
2026-10-05 14:45,2026-10-06,38870,-2860,775.7,0,58955,21800,147460625,0,2.5,3466515,8984170,Long Unwinding,Short Buildup
2026-10-05 14:45,2026-10-06,514930,-260975,564.55,0,3115710,22000,198083990,0,5.05,4176640,14235130,Short Covering,Short Buildup
2026-10-05 14:45,2026-10-06,636480,-204555,373,0,7008105,22200,252026060,0,12.7,4117945,10623275,Short Covering,Short Buildup
2026-10-05 14:45,2026-10-06,3547960,-15860,197.1,0,143841165,22400,570592750,0,37.2,13598845,17834505,Short Covering,Short Buildup
2026-10-05 14:45,2026-10-06,18034705,11945310,67.9,0,686293660,22600,372635445,0,108.05,7001085,9514245,Long Buildup,Short Buildup
2026-10-05 14:45,2026-10-06,15327065,6383975,14.1,0,301738255,22800,21013460,0,254.95,-166075,1642290,Long Buildup,Long Unwinding
2026-10-05 14:45,2026-10-06,16425045,2660320,3.55,0,147000230,23000,3958500,0,443.35,-421265,1242540,Long Buildup,Long Unwinding
2026-10-05 14:45,2026-10-06,8418605,-1056900,1.3,0,85725445,23200,285090,0,643.25,-93275,370565,Long Unwinding,Long Unwinding
2026-10-05 14:45,2026-10-06,5527275,434590,0.85,0,40550835,23400,153595,0,837.7,-79885,471575,Short Buildup,Long Unwinding
2026-10-05 14:45,2026-10-06,4172545,-377780,0.75,0,28886845,23600,83395,0,1038,-37375,123890,Long Unwinding,Short Covering
2026-10-05 14:45,2026-10-06,3135665,-1039480,0.45,0,17695795,23800,64480,0,1239.5,-21775,82095,Long Unwinding,Long Unwinding
2026-10-05 14:45,2026-10-06,6273670,-4825340,0.5,0,32860490,24000,186875,0,1441.95,-145795,348205,Short Covering,Long Unwinding
2026-10-05 14:45,2026-10-06,1279135,-1251315,0.45,0,6405620,24200,35230,0,1640,-28925,59865,Short Covering,Long Unwinding
2026-10-05 14:45,2026-10-06,765180,-910130,0.35,0,2557360,24400,39650,0,1846.35,-15990,39195,Long Unwinding,Long Unwinding
2026-10-05 14:45,2026-10-06,337480,-881140,0.35,0,2602600,24600,12545,0,2030,-11180,6305,Long Unwinding,Long Unwinding
2026-10-05 14:45,2026-10-06,256165,-132145,0.3,0,704860,24800,1430,0,2245,-585,10660,Long Unwinding,Long Unwinding
2026-10-05 14:45,2026-10-06,1438255,-706355,0.2,0,6373445,25000,47970,0,2435,-38480,60905,Long Unwinding,Long Unwinding
2026-10-05 14:45,2026-10-06,284180,7995,0.25,0,1584115,25200,130,0,2640,-65,975,Short Buildup,Long Unwinding
2026-10-05 14:45,2026-10-06,57200,14170,0.25,0,78780,25400,650,0,2840,-585,1495,Short Buildup,Long Unwinding
2026-10-05 14:45,2026-10-06,127595,-12935,0.3,0,238485,25600,130,0,2443.05,-130,0,Long Unwinding,Long Unwinding
2026-10-05 14:45,2026-10-06,629980,71435,0.3,0,1306370,25800,5395,0,3310,-4680,5395,Long Buildup,Long Unwinding
2026-10-05 14:45,2026-10-06,0,0,0,0,0,26000,0,0,0,0,0,N/A,N/A
2026-10-05 14:45,2026-10-06,0,0,0,0,0,26200,0,0,0,0,0,N/A,N/A
2026-10-05 14:45,2026-10-06,0,0,0,0,0,26400,0,0,0,0,0,N/A,N/A
2026-10-05 14:45,2026-10-06,0,0,0,0,0,26600,0,0,0,0,0,N/A,N/A
2026-10-05 14:45,2026-10-06,0,0,0,0,0,26800,0,0,0,0,0,N/A,N/A
2026-10-05 14:45,2026-10-06,0,0,0,0,0,27000,0,0,0,0,0,N/A,N/A
2026-10-05 14:45,2026-10-06,0,0,0,0,0,27200,0,0,0,0,0,N/A,N/A
2026-10-05 14:45,2026-10-06,0,0,0,0,0,27400,0,0,0,0,0,N/A,N/A
2026-10-05 14:45,2026-10-06,0,0,0,0,0,27600,0,0,0,0,0,N/A,N/A
2026-10-05 14:45,2026-10-06,0,0,0,0,0,27800,0,0,0,0,0,N/A,N/A
2026-10-05 14:45,2026-10-06,0,0,0,0,0,28000,0,0,0,0,0,N/A,N/A
2026-10-05 14:45,2026-10-06,0,0,0,0,0,28200,0,0,0,0,0,N/A,N/A
2026-10-05 14:45,2026-10-06,0,0,0,0,0,28400,0,0,0,0,0,N/A,N/A
2026-10-05 14:45,2026-10-06,0,0,0,0,0,28600,0,0,0,0,0,N/A,N/A
2026-10-05 14:45,2026-10-06,0,0,0,0,0,28800,0,0,0,0,0,N/A,N/A
2026-10-05 14:45,2026-10-06,0,0,0,0,0,29000,0,0,0,0,0,N/A,N/A
2026-10-05 14:45,2026-10-06,0,0,0,0,0,29200,0,0,0,0,0,N/A,N/A
2026-10-05 14:50,2026-10-06,9555,5655,1547,0,9685,21000,26705380,0,0.75,-1280500,4431830,Short Buildup,Long Unwinding
2026-10-05 14:50,2026-10-06,0,0,1359.7,0,130,21200,22335170,0,0.9,172120,2138175,N/A,Short Buildup
2026-10-05 14:50,2026-10-06,1300,0,1149.55,0,650,21400,39470990,0,1.15,221130,3407625,N/A,Short Buildup
2026-10-05 14:50,2026-10-06,4810,-65,946,0,1300,21600,92130220,0,1.7,2182505,5236400,Long Unwinding,Short Buildup
2026-10-05 14:50,2026-10-06,38805,-2925,750.6,0,60580,21800,149078345,0,2.45,3480425,8998080,Long Unwinding,Short Buildup
2026-10-05 14:50,2026-10-06,506805,-269100,553.75,0,3143855,22000,199687020,0,5.3,4066465,14124955,Long Unwinding,Long Buildup
2026-10-05 14:50,2026-10-06,635570,-205465,361.3,0,7059910,22200,254367165,0,13.55,4289025,10794355,Long Unwinding,Long Buildup
2026-10-05 14:50,2026-10-06,3462420,-101400,187.45,0,144858545,22400,576094285,0,39.35,13978640,18214300,Long Unwinding,Long Buildup
2026-10-05 14:50,2026-10-06,17526925,11437530,61.1,0,696584395,22600,377059215,0,113.05,6958900,9472060,Short Buildup,Long Buildup
2026-10-05 14:50,2026-10-06,15903485,6960395,11.6,0,306748715,22800,21219380,0,264,-197665,1610700,Short Buildup,Short Covering
2026-10-05 14:50,2026-10-06,16513315,2748590,3.2,0,149291350,23000,3986775,0,455.9,-428480,1235325,Short Buildup,Short Covering
2026-10-05 14:50,2026-10-06,8861060,-614445,1.4,0,88290995,23200,290095,0,655,-93665,370175,Short Covering,Short Covering
2026-10-05 14:50,2026-10-06,5287035,194350,0.95,0,41301845,23400,154440,0,854.6,-80145,471315,Long Buildup,Short Covering
2026-10-05 14:50,2026-10-06,4183530,-366795,0.75,0,29703180,23600,84825,0,1053.7,-37375,123890,Long Unwinding,Short Covering
2026-10-05 14:50,2026-10-06,3135080,-1040065,0.45,0,17723485,23800,66560,0,1267.05,-21775,82095,Long Unwinding,Short Covering
2026-10-05 14:50,2026-10-06,6277050,-4821960,0.45,0,32973590,24000,190190,0,1466.65,-147680,346320,Long Unwinding,Short Covering
2026-10-05 14:50,2026-10-06,1278680,-1251770,0.4,0,6429085,24200,35555,0,1650.35,-29055,59735,Long Unwinding,Short Covering
2026-10-05 14:50,2026-10-06,760240,-915070,0.3,0,2758470,24400,40300,0,1852,-16380,38805,Long Unwinding,Short Covering
2026-10-05 14:50,2026-10-06,337480,-881140,0.35,0,2602600,24600,12870,0,2050,-11245,6240,Long Unwinding,Short Covering
2026-10-05 14:50,2026-10-06,256165,-132145,0.3,0,704860,24800,1430,0,2245,-585,10660,Long Unwinding,Long Unwinding
2026-10-05 14:50,2026-10-06,1428960,-715650,0.2,0,6404190,25000,47970,0,2435,-38480,60905,Long Unwinding,Long Unwinding
2026-10-05 14:50,2026-10-06,284180,7995,0.25,0,1584505,25200,130,0,2640,-65,975,Short Buildup,Long Unwinding
2026-10-05 14:50,2026-10-06,57200,14170,0.25,0,78780,25400,650,0,2840,-585,1495,Short Buildup,Long Unwinding
2026-10-05 14:50,2026-10-06,127660,-12870,0.3,0,239785,25600,130,0,2443.05,-130,0,Long Unwinding,Long Unwinding
2026-10-05 14:50,2026-10-06,625495,66950,0.3,0,1317615,25800,5395,0,3310,-4680,5395,Short Buildup,Long Unwinding
2026-10-05 14:50,2026-10-06,0,0,0,0,0,26000,0,0,0,0,0,N/A,N/A
2026-10-05 14:50,2026-10-06,0,0,0,0,0,26200,0,0,0,0,0,N/A,N/A
2026-10-05 14:50,2026-10-06,0,0,0,0,0,26400,0,0,0,0,0,N/A,N/A
2026-10-05 14:50,2026-10-06,0,0,0,0,0,26600,0,0,0,0,0,N/A,N/A
2026-10-05 14:50,2026-10-06,0,0,0,0,0,26800,0,0,0,0,0,N/A,N/A
2026-10-05 14:50,2026-10-06,0,0,0,0,0,27000,0,0,0,0,0,N/A,N/A
2026-10-05 14:50,2026-10-06,0,0,0,0,0,27200,0,0,0,0,0,N/A,N/A
2026-10-05 14:50,2026-10-06,0,0,0,0,0,27400,0,0,0,0,0,N/A,N/A
2026-10-05 14:50,2026-10-06,0,0,0,0,0,27600,0,0,0,0,0,N/A,N/A
2026-10-05 14:50,2026-10-06,0,0,0,0,0,27800,0,0,0,0,0,N/A,N/A
2026-10-05 14:50,2026-10-06,0,0,0,0,0,28000,0,0,0,0,0,N/A,N/A
2026-10-05 14:50,2026-10-06,0,0,0,0,0,28200,0,0,0,0,0,N/A,N/A
2026-10-05 14:50,2026-10-06,0,0,0,0,0,28400,0,0,0,0,0,N/A,N/A
2026-10-05 14:50,2026-10-06,0,0,0,0,0,28600,0,0,0,0,0,N/A,N/A
2026-10-05 14:50,2026-10-06,0,0,0,0,0,28800,0,0,0,0,0,N/A,N/A
2026-10-05 14:50,2026-10-06,0,0,0,0,0,29000,0,0,0,0,0,N/A,N/A
2026-10-05 14:50,2026-10-06,0,0,0,0,0,29200,0,0,0,0,0,N/A,N/A
2026-10-05 14:55,2026-10-06,9555,5655,1547,0,9685,21000,27039155,0,0.8,-1288170,4424160,Short Buildup,Short Covering
2026-10-05 14:55,2026-10-06,0,0,1359.7,0,130,21200,22414860,0,0.95,166270,2132325,N/A,Long Buildup
2026-10-05 14:55,2026-10-06,1300,0,1149.55,0,650,21400,39697840,0,1.15,209950,3396445,N/A,Short Buildup
2026-10-05 14:55,2026-10-06,4810,-65,946,0,1300,21600,93178345,0,1.7,2088125,5142020,Long Unwinding,Short Buildup
2026-10-05 14:55,2026-10-06,39195,-2535,742.55,0,60905,21800,150592325,0,2.45,3460340,8977995,Long Unwinding,Short Buildup
2026-10-05 14:55,2026-10-06,505765,-270140,555.4,0,3159195,22000,201682650,0,5.05,4151940,14210430,Short Covering,Short Buildup
2026-10-05 14:55,2026-10-06,641290,-199745,361.4,0,7125755,22200,257385115,0,13,4142320,10647650,Short Covering,Short Buildup
2026-10-05 14:55,2026-10-06,3405870,-157950,187.2,0,145964065,22400,581799660,0,38.85,13422955,17658615,Long Unwinding,Short Buildup
2026-10-05 14:55,2026-10-06,17824235,11734840,61.65,0,705302715,22600,381339920,0,112.45,6577480,9090640,Long Buildup,Short Buildup
2026-10-05 14:55,2026-10-06,15917915,6974825,11.7,0,311026820,22800,21441225,0,262.95,-198705,1609660,Long Buildup,Long Unwinding
2026-10-05 14:55,2026-10-06,16386695,2621970,3.15,0,151645130,23000,4029090,0,455.4,-437515,1226290,Short Buildup,Long Unwinding
2026-10-05 14:55,2026-10-06,8594950,-880555,1.5,0,88771865,23200,292500,0,650,-93535,370305,Short Covering,Long Unwinding
2026-10-05 14:55,2026-10-06,5228990,136305,1,0,41645630,23400,155285,0,849.55,-79820,471640,Long Buildup,Long Unwinding
2026-10-05 14:55,2026-10-06,4128345,-421980,0.8,0,30092140,23600,85280,0,1052.85,-37375,123890,Short Covering,Long Unwinding
2026-10-05 14:55,2026-10-06,3115840,-1059305,0.5,0,18048550,23800,66885,0,1236.6,-23400,80470,Short Covering,Long Unwinding
2026-10-05 14:55,2026-10-06,6263660,-4835350,0.45,0,33392775,24000,194480,0,1445.6,-152425,341575,Long Unwinding,Long Unwinding
2026-10-05 14:55,2026-10-06,1285960,-1244490,0.45,0,6444490,24200,36725,0,1645.6,-29835,58955,Short Covering,Long Unwinding
2026-10-05 14:55,2026-10-06,759720,-915590,0.3,0,2758990,24400,40950,0,1867.3,-16965,38220,Long Unwinding,Short Covering
2026-10-05 14:55,2026-10-06,337350,-881270,0.35,0,2602795,24600,13325,0,2050,-11245,6240,Long Unwinding,Long Unwinding
2026-10-05 14:55,2026-10-06,256165,-132145,0.3,0,704860,24800,1430,0,2245,-585,10660,Long Unwinding,Long Unwinding
2026-10-05 14:55,2026-10-06,1422200,-722410,0.2,0,6416670,25000,49595,0,2451.3,-39585,59800,Long Unwinding,Short Covering
2026-10-05 14:55,2026-10-06,284180,7995,0.2,0,1584700,25200,130,0,2640,-65,975,Short Buildup,Long Unwinding
2026-10-05 14:55,2026-10-06,57135,14105,0.25,0,78845,25400,650,0,2840,-585,1495,Short Buildup,Long Unwinding
2026-10-05 14:55,2026-10-06,127660,-12870,0.3,0,239785,25600,130,0,2443.05,-130,0,Long Unwinding,Long Unwinding
2026-10-05 14:55,2026-10-06,625105,66560,0.3,0,1318395,25800,5395,0,3310,-4680,5395,Short Buildup,Long Unwinding
2026-10-05 14:55,2026-10-06,0,0,0,0,0,26000,0,0,0,0,0,N/A,N/A
2026-10-05 14:55,2026-10-06,0,0,0,0,0,26200,0,0,0,0,0,N/A,N/A
2026-10-05 14:55,2026-10-06,0,0,0,0,0,26400,0,0,0,0,0,N/A,N/A
2026-10-05 14:55,2026-10-06,0,0,0,0,0,26600,0,0,0,0,0,N/A,N/A
2026-10-05 14:55,2026-10-06,0,0,0,0,0,26800,0,0,0,0,0,N/A,N/A
2026-10-05 14:55,2026-10-06,0,0,0,0,0,27000,0,0,0,0,0,N/A,N/A
2026-10-05 14:55,2026-10-06,0,0,0,0,0,27200,0,0,0,0,0,N/A,N/A
2026-10-05 14:55,2026-10-06,0,0,0,0,0,27400,0,0,0,0,0,N/A,N/A
2026-10-05 14:55,2026-10-06,0,0,0,0,0,27600,0,0,0,0,0,N/A,N/A
2026-10-05 14:55,2026-10-06,0,0,0,0,0,27800,0,0,0,0,0,N/A,N/A
2026-10-05 14:55,2026-10-06,0,0,0,0,0,28000,0,0,0,0,0,N/A,N/A
2026-10-05 14:55,2026-10-06,0,0,0,0,0,28200,0,0,0,0,0,N/A,N/A
2026-10-05 14:55,2026-10-06,0,0,0,0,0,28400,0,0,0,0,0,N/A,N/A
2026-10-05 14:55,2026-10-06,0,0,0,0,0,28600,0,0,0,0,0,N/A,N/A
2026-10-05 14:55,2026-10-06,0,0,0,0,0,28800,0,0,0,0,0,N/A,N/A
2026-10-05 14:55,2026-10-06,0,0,0,0,0,29000,0,0,0,0,0,N/A,N/A
2026-10-05 14:55,2026-10-06,0,0,0,0,0,29200,0,0,0,0,0,N/A,N/A
2026-10-05 15:00,2026-10-06,9360,5460,1545,0,9880,21000,27333865,0,0.75,-1264250,4448080,Short Buildup,Long Unwinding
2026-10-05 15:00,2026-10-06,0,0,1359.7,0,130,21200,22665045,0,0.9,100555,2066610,N/A,Short Buildup
2026-10-05 15:00,2026-10-06,1300,0,1149.55,0,650,21400,39995410,0,1.1,189020,3375515,N/A,Short Buildup
2026-10-05 15:00,2026-10-06,4810,-65,950.5,0,1430,21600,93499575,0,1.65,2084680,5138575,Short Covering,Short Buildup
2026-10-05 15:00,2026-10-06,39260,-2470,741.65,0,61165,21800,152017580,0,2.45,3447600,8965255,Long Unwinding,Short Buildup
2026-10-05 15:00,2026-10-06,505050,-270855,545,0,3167385,22000,203181745,0,5.15,4146480,14204970,Long Unwinding,Long Buildup
2026-10-05 15:00,2026-10-06,638040,-202995,353,0,7155850,22200,260204035,0,13.35,4368910,10874240,Long Unwinding,Long Buildup
2026-10-05 15:00,2026-10-06,3429725,-134095,178.95,0,146970395,22400,587439515,0,40,13344565,17580225,Long Unwinding,Long Buildup
2026-10-05 15:00,2026-10-06,17699370,11609975,56,0,713035570,22600,385036990,0,116.75,6333405,8846565,Short Buildup,Long Buildup
2026-10-05 15:00,2026-10-06,15725580,6782490,10.3,0,314169375,22800,21616010,0,271,-235560,1572805,Short Buildup,Short Covering
2026-10-05 15:00,2026-10-06,16223155,2458430,2.95,0,154110970,23000,4059835,0,465.25,-451035,1212770,Short Buildup,Short Covering
2026-10-05 15:00,2026-10-06,8300435,-1175070,1.3,0,90041510,23200,293670,0,655,-95225,368615,Long Unwinding,Short Covering
2026-10-05 15:00,2026-10-06,5235295,142610,0.95,0,41890355,23400,155740,0,855,-80535,470925,Short Buildup,Short Covering
2026-10-05 15:00,2026-10-06,4085575,-464750,0.7,0,30711785,23600,90155,0,1060,-39585,121680,Long Unwinding,Short Covering
2026-10-05 15:00,2026-10-06,3074565,-1100580,0.5,0,19400680,23800,67275,0,1263.7,-23530,80340,Long Unwinding,Short Covering
2026-10-05 15:00,2026-10-06,6260410,-4838600,0.45,0,33474285,24000,194805,0,1460,-152750,341250,Long Unwinding,Short Covering
2026-10-05 15:00,2026-10-06,1309100,-1221350,0.4,0,6483620,24200,36725,0,1645.6,-29835,58955,Long Unwinding,Long Unwinding
2026-10-05 15:00,2026-10-06,759460,-915850,0.25,0,2761785,24400,41210,0,1866,-17290,37895,Long Unwinding,Long Unwinding
2026-10-05 15:00,2026-10-06,337350,-881270,0.35,0,2602795,24600,13390,0,2055,-11440,6045,Long Unwinding,Short Covering
2026-10-05 15:00,2026-10-06,256165,-132145,0.3,0,704925,24800,1495,0,2260,-585,10660,Long Unwinding,Short Covering
2026-10-05 15:00,2026-10-06,1417650,-726960,0.2,0,6422780,25000,49985,0,2460,-40040,59345,Long Unwinding,Short Covering
2026-10-05 15:00,2026-10-06,284180,7995,0.25,0,1589965,25200,130,0,2640,-65,975,Long Buildup,Long Unwinding
2026-10-05 15:00,2026-10-06,54405,11375,0.3,0,82875,25400,650,0,2840,-585,1495,Long Buildup,Long Unwinding
2026-10-05 15:00,2026-10-06,127660,-12870,0.3,0,239785,25600,130,0,2443.05,-130,0,Long Unwinding,Long Unwinding
2026-10-05 15:00,2026-10-06,614835,56290,0.3,0,1337960,25800,5395,0,3310,-4680,5395,Short Buildup,Long Unwinding
2026-10-05 15:00,2026-10-06,0,0,0,0,0,26000,0,0,0,0,0,N/A,N/A
2026-10-05 15:00,2026-10-06,0,0,0,0,0,26200,0,0,0,0,0,N/A,N/A
2026-10-05 15:00,2026-10-06,0,0,0,0,0,26400,0,0,0,0,0,N/A,N/A
2026-10-05 15:00,2026-10-06,0,0,0,0,0,26600,0,0,0,0,0,N/A,N/A
2026-10-05 15:00,2026-10-06,0,0,0,0,0,26800,0,0,0,0,0,N/A,N/A
2026-10-05 15:00,2026-10-06,0,0,0,0,0,27000,0,0,0,0,0,N/A,N/A
2026-10-05 15:00,2026-10-06,0,0,0,0,0,27200,0,0,0,0,0,N/A,N/A
2026-10-05 15:00,2026-10-06,0,0,0,0,0,27400,0,0,0,0,0,N/A,N/A
2026-10-05 15:00,2026-10-06,0,0,0,0,0,27600,0,0,0,0,0,N/A,N/A
2026-10-05 15:00,2026-10-06,0,0,0,0,0,27800,0,0,0,0,0,N/A,N/A
2026-10-05 15:00,2026-10-06,0,0,0,0,0,28000,0,0,0,0,0,N/A,N/A
2026-10-05 15:00,2026-10-06,0,0,0,0,0,28200,0,0,0,0,0,N/A,N/A
2026-10-05 15:00,2026-10-06,0,0,0,0,0,28400,0,0,0,0,0,N/A,N/A
2026-10-05 15:00,2026-10-06,0,0,0,0,0,28600,0,0,0,0,0,N/A,N/A
2026-10-05 15:00,2026-10-06,0,0,0,0,0,28800,0,0,0,0,0,N/A,N/A
2026-10-05 15:00,2026-10-06,0,0,0,0,0,29000,0,0,0,0,0,N/A,N/A
2026-10-05 15:00,2026-10-06,0,0,0,0,0,29200,0,0,0,0,0,N/A,N/A
2026-10-05 15:05,2026-10-06,8970,5070,1525,0,10595,21000,27555255,0,0.75,-1292590,4419740,Short Buildup,Long Unwinding
2026-10-05 15:05,2026-10-06,0,0,1359.7,0,130,21200,22821370,0,0.85,93145,2059200,N/A,Short Buildup
2026-10-05 15:05,2026-10-06,1300,0,1149.55,0,650,21400,40409655,0,1.1,230555,3417050,N/A,Short Buildup
2026-10-05 15:05,2026-10-06,4810,-65,950.5,0,1430,21600,94793010,0,1.5,1891305,4945200,Long Unwinding,Short Buildup
2026-10-05 15:05,2026-10-06,39325,-2405,723,0,62140,21800,153845120,0,2.4,3374605,8892260,Long Unwinding,Short Buildup
2026-10-05 15:05,2026-10-06,499655,-276250,539.25,0,3191500,22000,206665355,0,5,3844945,13903435,Long Unwinding,Short Buildup
2026-10-05 15:05,2026-10-06,637975,-203060,348.95,0,7227935,22200,264803435,0,13.2,4528030,11033360,Long Unwinding,Short Buildup
2026-10-05 15:05,2026-10-06,3358290,-205530,174.3,0,148362240,22400,597709840,0,40.15,12702755,16938415,Long Unwinding,Long Buildup
2026-10-05 15:05,2026-10-06,17331730,11242335,53.15,0,723338720,22600,391543100,0,117.95,5872945,8386105,Short Buildup,Long Buildup
2026-10-05 15:05,2026-10-06,15648945,6705855,9.6,0,319114445,22800,21938930,0,274.55,-266890,1541475,Short Buildup,Short Covering
2026-10-05 15:05,2026-10-06,16286140,2521415,2.9,0,157258725,23000,4142060,0,465.65,-465855,1197950,Short Buildup,Short Covering
2026-10-05 15:05,2026-10-06,8399040,-1076465,1.35,0,91179075,23200,295360,0,667.5,-96330,367510,Short Covering,Short Covering
2026-10-05 15:05,2026-10-06,5202860,110175,1,0,42260205,23400,156000,0,882.65,-80535,470925,Long Buildup,Short Covering
2026-10-05 15:05,2026-10-06,3930940,-619385,0.8,0,31699980,23600,97565,0,1067.65,-45955,115310,Short Covering,Short Covering
2026-10-05 15:05,2026-10-06,3237910,-937235,0.55,0,20353645,23800,68120,0,1268.2,-23920,79950,Short Covering,Short Covering
2026-10-05 15:05,2026-10-06,6225245,-4873765,0.45,0,33649005,24000,196755,0,1470,-153660,340340,Long Unwinding,Short Covering
2026-10-05 15:05,2026-10-06,1276145,-1254305,0.35,0,7325890,24200,43420,0,1670,-33020,55770,Long Unwinding,Short Covering
2026-10-05 15:05,2026-10-06,759330,-915980,0.3,0,2766465,24400,41990,0,1882.45,-17290,37895,Short Covering,Short Covering
2026-10-05 15:05,2026-10-06,337155,-881465,0.35,0,2603835,24600,13390,0,2055,-11440,6045,Long Unwinding,Long Unwinding
2026-10-05 15:05,2026-10-06,256165,-132145,0.3,0,705185,24800,1495,0,2260,-585,10660,Long Unwinding,Long Unwinding
2026-10-05 15:05,2026-10-06,1415375,-729235,0.2,0,6432985,25000,50440,0,2465,-40430,58955,Long Unwinding,Short Covering
2026-10-05 15:05,2026-10-06,284180,7995,0.25,0,1589965,25200,130,0,2640,-65,975,Short Buildup,Long Unwinding
2026-10-05 15:05,2026-10-06,54405,11375,0.3,0,82875,25400,650,0,2840,-585,1495,Short Buildup,Long Unwinding
2026-10-05 15:05,2026-10-06,126035,-14495,0.25,0,244595,25600,130,0,2443.05,-130,0,Long Unwinding,Long Unwinding
2026-10-05 15:05,2026-10-06,614705,56160,0.3,0,1346605,25800,5395,0,3310,-4680,5395,Short Buildup,Long Unwinding
2026-10-05 15:05,2026-10-06,0,0,0,0,0,26000,0,0,0,0,0,N/A,N/A
2026-10-05 15:05,2026-10-06,0,0,0,0,0,26200,0,0,0,0,0,N/A,N/A
2026-10-05 15:05,2026-10-06,0,0,0,0,0,26400,0,0,0,0,0,N/A,N/A
2026-10-05 15:05,2026-10-06,0,0,0,0,0,26600,0,0,0,0,0,N/A,N/A
2026-10-05 15:05,2026-10-06,0,0,0,0,0,26800,0,0,0,0,0,N/A,N/A
2026-10-05 15:05,2026-10-06,0,0,0,0,0,27000,0,0,0,0,0,N/A,N/A
2026-10-05 15:05,2026-10-06,0,0,0,0,0,27200,0,0,0,0,0,N/A,N/A
2026-10-05 15:05,2026-10-06,0,0,0,0,0,27400,0,0,0,0,0,N/A,N/A
2026-10-05 15:05,2026-10-06,0,0,0,0,0,27600,0,0,0,0,0,N/A,N/A
2026-10-05 15:05,2026-10-06,0,0,0,0,0,27800,0,0,0,0,0,N/A,N/A
2026-10-05 15:05,2026-10-06,0,0,0,0,0,28000,0,0,0,0,0,N/A,N/A
2026-10-05 15:05,2026-10-06,0,0,0,0,0,28200,0,0,0,0,0,N/A,N/A
2026-10-05 15:05,2026-10-06,0,0,0,0,0,28400,0,0,0,0,0,N/A,N/A
2026-10-05 15:05,2026-10-06,0,0,0,0,0,28600,0,0,0,0,0,N/A,N/A
2026-10-05 15:05,2026-10-06,0,0,0,0,0,28800,0,0,0,0,0,N/A,N/A
2026-10-05 15:05,2026-10-06,0,0,0,0,0,29000,0,0,0,0,0,N/A,N/A
2026-10-05 15:05,2026-10-06,0,0,0,0,0,29200,0,0,0,0,0,N/A,N/A
2026-10-05 15:10,2026-10-06,8970,5070,1525,0,10595,21000,27920685,0,0.65,-1335425,4376905,Short Buildup,Long Unwinding
2026-10-05 15:10,2026-10-06,0,0,1359.7,0,130,21200,23322065,0,0.8,121615,2087670,N/A,Short Buildup
2026-10-05 15:10,2026-10-06,1300,0,1149.55,0,650,21400,42902990,0,0.9,136500,3322995,N/A,Short Buildup
2026-10-05 15:10,2026-10-06,4810,-65,950.5,0,1430,21600,96466240,0,1.35,1730885,4784780,Long Unwinding,Short Buildup
2026-10-05 15:10,2026-10-06,39715,-2015,728.95,0,69420,21800,156392015,0,2.2,3467880,8985535,Short Covering,Short Buildup
2026-10-05 15:10,2026-10-06,492505,-283400,544.05,0,3203850,22000,209664845,0,4.65,3801070,13859560,Short Covering,Short Buildup
2026-10-05 15:10,2026-10-06,631605,-209430,352.45,0,7303335,22200,267671235,0,12.65,4205370,10710700,Short Covering,Short Buildup
2026-10-05 15:10,2026-10-06,3280420,-283400,178.55,0,149538025,22400,604367140,0,39.15,12039365,16275025,Short Covering,Short Buildup
2026-10-05 15:10,2026-10-06,17168840,11079445,55.05,0,732178590,22600,395880745,0,115.7,5394935,7908095,Long Buildup,Short Buildup
2026-10-05 15:10,2026-10-06,15566460,6623370,9.75,0,322658505,22800,22230585,0,271.5,-342615,1465750,Long Buildup,Long Unwinding
2026-10-05 15:10,2026-10-06,16141710,2376985,2.95,0,159991455,23000,4191200,0,464.2,-469625,1194180,Long Buildup,Long Unwinding
2026-10-05 15:10,2026-10-06,8327800,-1147705,1.35,0,92232725,23200,297050,0,661.75,-96265,367575,Long Unwinding,Long Unwinding
2026-10-05 15:10,2026-10-06,5164055,71370,0.95,0,42443115,23400,162695,0,862.7,-83590,467870,Short Buildup,Long Unwinding
2026-10-05 15:10,2026-10-06,3954535,-595790,0.8,0,31815030,23600,100945,0,1064,-48425,112840,Long Unwinding,Long Unwinding
2026-10-05 15:10,2026-10-06,3259165,-915980,0.5,0,20450040,23800,69680,0,1260,-24960,78910,Long Unwinding,Long Unwinding
2026-10-05 15:10,2026-10-06,6122935,-4976075,0.5,0,33861685,24000,210535,0,1460,-164385,329615,Short Covering,Long Unwinding
2026-10-05 15:10,2026-10-06,1272765,-1257685,0.35,0,7377955,24200,48490,0,1678.55,-38350,50440,Long Unwinding,Short Covering
2026-10-05 15:10,2026-10-06,758225,-917085,0.25,0,2971020,24400,42055,0,1882.25,-17355,37830,Long Unwinding,Long Unwinding
2026-10-05 15:10,2026-10-06,337155,-881465,0.35,0,2612480,24600,13390,0,2055,-11440,6045,Long Unwinding,Long Unwinding
2026-10-05 15:10,2026-10-06,256165,-132145,0.3,0,705705,24800,2015,0,2278.5,-650,10595,Long Unwinding,Short Covering
2026-10-05 15:10,2026-10-06,1410955,-733655,0.2,0,6505785,25000,51220,0,2460,-41145,58240,Long Unwinding,Long Unwinding
2026-10-05 15:10,2026-10-06,278980,2795,0.25,0,1590030,25200,130,0,2640,-65,975,Short Buildup,Long Unwinding
2026-10-05 15:10,2026-10-06,54405,11375,0.3,0,82875,25400,650,0,2840,-585,1495,Short Buildup,Long Unwinding
2026-10-05 15:10,2026-10-06,125970,-14560,0.25,0,244725,25600,130,0,2443.05,-130,0,Long Unwinding,Long Unwinding
2026-10-05 15:10,2026-10-06,614705,56160,0.3,0,1357720,25800,5395,0,3310,-4680,5395,Short Buildup,Long Unwinding
2026-10-05 15:10,2026-10-06,0,0,0,0,0,26000,0,0,0,0,0,N/A,N/A
2026-10-05 15:10,2026-10-06,0,0,0,0,0,26200,0,0,0,0,0,N/A,N/A
2026-10-05 15:10,2026-10-06,0,0,0,0,0,26400,0,0,0,0,0,N/A,N/A
2026-10-05 15:10,2026-10-06,0,0,0,0,0,26600,0,0,0,0,0,N/A,N/A
2026-10-05 15:10,2026-10-06,0,0,0,0,0,26800,0,0,0,0,0,N/A,N/A
2026-10-05 15:10,2026-10-06,0,0,0,0,0,27000,0,0,0,0,0,N/A,N/A
2026-10-05 15:10,2026-10-06,0,0,0,0,0,27200,0,0,0,0,0,N/A,N/A
2026-10-05 15:10,2026-10-06,0,0,0,0,0,27400,0,0,0,0,0,N/A,N/A
2026-10-05 15:10,2026-10-06,0,0,0,0,0,27600,0,0,0,0,0,N/A,N/A
2026-10-05 15:10,2026-10-06,0,0,0,0,0,27800,0,0,0,0,0,N/A,N/A
2026-10-05 15:10,2026-10-06,0,0,0,0,0,28000,0,0,0,0,0,N/A,N/A
2026-10-05 15:10,2026-10-06,0,0,0,0,0,28200,0,0,0,0,0,N/A,N/A
2026-10-05 15:10,2026-10-06,0,0,0,0,0,28400,0,0,0,0,0,N/A,N/A
2026-10-05 15:10,2026-10-06,0,0,0,0,0,28600,0,0,0,0,0,N/A,N/A
2026-10-05 15:10,2026-10-06,0,0,0,0,0,28800,0,0,0,0,0,N/A,N/A
2026-10-05 15:10,2026-10-06,0,0,0,0,0,29000,0,0,0,0,0,N/A,N/A
2026-10-05 15:10,2026-10-06,0,0,0,0,0,29200,0,0,0,0,0,N/A,N/A
2026-10-05 15:15,2026-10-06,9035,5135,1555,0,10660,21000,28258815,0,0.65,-1313585,4398745,Long Buildup,Long Unwinding
2026-10-05 15:15,2026-10-06,0,0,1359.7,0,130,21200,24311885,0,0.75,-118495,1847560,N/A,Long Unwinding
2026-10-05 15:15,2026-10-06,1300,0,1149.55,0,650,21400,44609240,0,0.85,125385,3311880,N/A,Short Buildup
2026-10-05 15:15,2026-10-06,4745,-130,950,0,1495,21600,97943950,0,1.25,1615445,4669340,Long Unwinding,Short Buildup
2026-10-05 15:15,2026-10-06,39585,-2145,742.1,0,69550,21800,159011840,0,1.8,3243955,8761610,Short Covering,Short Buildup
2026-10-05 15:15,2026-10-06,488345,-287560,557.85,0,3219840,22000,214466200,0,3.75,3005600,13064090,Short Covering,Short Buildup
2026-10-05 15:15,2026-10-06,622895,-218140,364,0,7386015,22200,272815790,0,9.8,3706690,10212020,Short Covering,Short Buildup
2026-10-05 15:15,2026-10-06,3127215,-436605,186.9,0,150755020,22400,612133730,0,32.1,11254555,15490215,Short Covering,Short Buildup
2026-10-05 15:15,2026-10-06,16518580,10429185,59.6,0,741288795,22600,399864985,0,105.8,4998435,7511595,Long Buildup,Short Buildup
2026-10-05 15:15,2026-10-06,15766205,6823115,11.7,0,327640235,22800,22422075,0,257.65,-327340,1481025,Long Buildup,Long Unwinding
2026-10-05 15:15,2026-10-06,15949505,2184780,3.3,0,163031635,23000,4237285,0,448.85,-480675,1183130,Long Buildup,Long Unwinding
2026-10-05 15:15,2026-10-06,8277685,-1197820,1.4,0,93369575,23200,298155,0,648.45,-96590,367250,Short Covering,Long Unwinding
2026-10-05 15:15,2026-10-06,5264155,171470,0.95,0,43494815,23400,169195,0,848.9,-85280,466180,Short Buildup,Long Unwinding
2026-10-05 15:15,2026-10-06,3955380,-594945,0.8,0,32278285,23600,103155,0,1064,-48425,112840,Long Unwinding,Long Unwinding
2026-10-05 15:15,2026-10-06,2960230,-1214915,0.55,0,20874425,23800,70005,0,1251.85,-25480,78390,Short Covering,Long Unwinding
2026-10-05 15:15,2026-10-06,5913960,-5185050,0.5,0,34219575,24000,218920,0,1445,-171470,322530,Long Unwinding,Long Unwinding
2026-10-05 15:15,2026-10-06,1253850,-1276600,0.35,0,7435480,24200,52715,0,1650,-40820,47970,Long Unwinding,Long Unwinding
2026-10-05 15:15,2026-10-06,760045,-915265,0.3,0,3195140,24400,42510,0,1855,-17550,37635,Short Covering,Long Unwinding
2026-10-05 15:15,2026-10-06,333970,-884650,0.35,0,2615925,24600,13520,0,2050,-11505,5980,Long Unwinding,Long Unwinding
2026-10-05 15:15,2026-10-06,256165,-132145,0.25,0,722735,24800,2015,0,2278.5,-650,10595,Long Unwinding,Long Unwinding
2026-10-05 15:15,2026-10-06,1401270,-743340,0.2,0,6523725,25000,54080,0,2445.8,-43420,55965,Long Unwinding,Long Unwinding
2026-10-05 15:15,2026-10-06,278915,2730,0.2,0,1593410,25200,130,0,2640,-65,975,Short Buildup,Long Unwinding
2026-10-05 15:15,2026-10-06,53690,10660,0.3,0,85800,25400,650,0,2840,-585,1495,Short Buildup,Long Unwinding
2026-10-05 15:15,2026-10-06,123760,-16770,0.25,0,248885,25600,130,0,2443.05,-130,0,Long Unwinding,Long Unwinding
2026-10-05 15:15,2026-10-06,607815,49270,0.35,0,1394315,25800,5395,0,3310,-4680,5395,Long Buildup,Long Unwinding
2026-10-05 15:15,2026-10-06,0,0,0,0,0,26000,0,0,0,0,0,N/A,N/A
2026-10-05 15:15,2026-10-06,0,0,0,0,0,26200,0,0,0,0,0,N/A,N/A
2026-10-05 15:15,2026-10-06,0,0,0,0,0,26400,0,0,0,0,0,N/A,N/A
2026-10-05 15:15,2026-10-06,0,0,0,0,0,26600,0,0,0,0,0,N/A,N/A
2026-10-05 15:15,2026-10-06,0,0,0,0,0,26800,0,0,0,0,0,N/A,N/A
2026-10-05 15:15,2026-10-06,0,0,0,0,0,27000,0,0,0,0,0,N/A,N/A
2026-10-05 15:15,2026-10-06,0,0,0,0,0,27200,0,0,0,0,0,N/A,N/A
2026-10-05 15:15,2026-10-06,0,0,0,0,0,27400,0,0,0,0,0,N/A,N/A
2026-10-05 15:15,2026-10-06,0,0,0,0,0,27600,0,0,0,0,0,N/A,N/A
2026-10-05 15:15,2026-10-06,0,0,0,0,0,27800,0,0,0,0,0,N/A,N/A
2026-10-05 15:15,2026-10-06,0,0,0,0,0,28000,0,0,0,0,0,N/A,N/A
2026-10-05 15:15,2026-10-06,0,0,0,0,0,28200,0,0,0,0,0,N/A,N/A
2026-10-05 15:15,2026-10-06,0,0,0,0,0,28400,0,0,0,0,0,N/A,N/A
2026-10-05 15:15,2026-10-06,0,0,0,0,0,28600,0,0,0,0,0,N/A,N/A
2026-10-05 15:15,2026-10-06,0,0,0,0,0,28800,0,0,0,0,0,N/A,N/A
2026-10-05 15:15,2026-10-06,0,0,0,0,0,29000,0,0,0,0,0,N/A,N/A
2026-10-05 15:15,2026-10-06,0,0,0,0,0,29200,0,0,0,0,0,N/A,N/A
2026-10-05 15:20,2026-10-06,9100,5200,1545.05,0,10725,21000,28876445,0,0.65,-1494350,4217980,Short Buildup,Long Unwinding
2026-10-05 15:20,2026-10-06,0,0,1359.7,0,130,21200,24562915,0,0.7,-187850,1778205,N/A,Long Unwinding
2026-10-05 15:20,2026-10-06,1300,0,1149.55,0,650,21400,45660550,0,0.85,87295,3273790,N/A,Short Buildup
2026-10-05 15:20,2026-10-06,4745,-130,950,0,1495,21600,98914270,0,1.25,1616290,4670185,Long Unwinding,Short Buildup
2026-10-05 15:20,2026-10-06,39585,-2145,758,0,69680,21800,161770830,0,1.85,2951520,8469175,Short Covering,Long Buildup
2026-10-05 15:20,2026-10-06,483340,-292565,563.45,0,3238690,22000,217936680,0,3.35,3106090,13164580,Short Covering,Short Buildup
2026-10-05 15:20,2026-10-06,610415,-230620,371.25,0,7459075,22200,277440410,0,8.45,4042220,10547550,Short Covering,Short Buildup
2026-10-05 15:20,2026-10-06,2892305,-671515,189.75,0,151816145,22400,618454070,0,29.45,10725195,14960855,Short Covering,Short Buildup
2026-10-05 15:20,2026-10-06,15951715,9862320,61.15,0,750631960,22600,403962000,0,101.4,5024565,7537725,Long Buildup,Short Buildup
2026-10-05 15:20,2026-10-06,15824120,6881030,11.65,0,331752395,22800,22705280,0,252.7,-337025,1471340,Short Buildup,Long Unwinding
2026-10-05 15:20,2026-10-06,15818920,2054195,3.45,0,165836775,23000,4280315,0,442.1,-480350,1183455,Long Buildup,Long Unwinding
2026-10-05 15:20,2026-10-06,8383310,-1092195,1.45,0,94628235,23200,300495,0,633.5,-97500,366340,Short Covering,Long Unwinding
2026-10-05 15:20,2026-10-06,5165680,72995,0.9,0,44265065,23400,175435,0,835,-90025,461435,Short Buildup,Long Unwinding
2026-10-05 15:20,2026-10-06,3711630,-838695,0.65,0,32905990,23600,104520,0,1041,-50635,110630,Long Unwinding,Long Unwinding
2026-10-05 15:20,2026-10-06,2951585,-1223560,0.45,0,21542170,23800,71240,0,1235.05,-26585,77285,Long Unwinding,Long Unwinding
2026-10-05 15:20,2026-10-06,5848310,-5250700,0.45,0,34435245,24000,224640,0,1432,-174785,319215,Long Unwinding,Long Unwinding
2026-10-05 15:20,2026-10-06,1253330,-1277120,0.3,0,7677540,24200,53885,0,1651.35,-43810,44980,Long Unwinding,Short Covering
2026-10-05 15:20,2026-10-06,756145,-919165,0.25,0,3408145,24400,42640,0,1850,-17680,37505,Long Unwinding,Long Unwinding
2026-10-05 15:20,2026-10-06,331500,-887120,0.35,0,2627560,24600,13715,0,2035,-11505,5980,Long Unwinding,Long Unwinding
2026-10-05 15:20,2026-10-06,256165,-132145,0.3,0,731055,24800,2015,0,2278.5,-650,10595,Short Covering,Long Unwinding
2026-10-05 15:20,2026-10-06,1397955,-746655,0.2,0,6560320,25000,58630,0,2445,-47450,51935,Long Unwinding,Long Unwinding
2026-10-05 15:20,2026-10-06,278915,2730,0.2,0,1600105,25200,130,0,2640,-65,975,Short Buildup,Long Unwinding
2026-10-05 15:20,2026-10-06,53690,10660,0.3,0,85800,25400,650,0,2840,-585,1495,Short Buildup,Long Unwinding
2026-10-05 15:20,2026-10-06,122460,-18070,0.3,0,266565,25600,130,0,2443.05,-130,0,Short Covering,Long Unwinding
2026-10-05 15:20,2026-10-06,611325,52780,0.35,0,1417910,25800,5395,0,3310,-4680,5395,Short Buildup,Long Unwinding
2026-10-05 15:20,2026-10-06,0,0,0,0,0,26000,0,0,0,0,0,N/A,N/A
2026-10-05 15:20,2026-10-06,0,0,0,0,0,26200,0,0,0,0,0,N/A,N/A
2026-10-05 15:20,2026-10-06,0,0,0,0,0,26400,0,0,0,0,0,N/A,N/A
2026-10-05 15:20,2026-10-06,0,0,0,0,0,26600,0,0,0,0,0,N/A,N/A
2026-10-05 15:20,2026-10-06,0,0,0,0,0,26800,0,0,0,0,0,N/A,N/A
2026-10-05 15:20,2026-10-06,0,0,0,0,0,27000,0,0,0,0,0,N/A,N/A
2026-10-05 15:20,2026-10-06,0,0,0,0,0,27200,0,0,0,0,0,N/A,N/A
2026-10-05 15:20,2026-10-06,0,0,0,0,0,27400,0,0,0,0,0,N/A,N/A
2026-10-05 15:20,2026-10-06,0,0,0,0,0,27600,0,0,0,0,0,N/A,N/A
2026-10-05 15:20,2026-10-06,0,0,0,0,0,27800,0,0,0,0,0,N/A,N/A
2026-10-05 15:20,2026-10-06,0,0,0,0,0,28000,0,0,0,0,0,N/A,N/A
2026-10-05 15:20,2026-10-06,0,0,0,0,0,28200,0,0,0,0,0,N/A,N/A
2026-10-05 15:20,2026-10-06,0,0,0,0,0,28400,0,0,0,0,0,N/A,N/A
2026-10-05 15:20,2026-10-06,0,0,0,0,0,28600,0,0,0,0,0,N/A,N/A
2026-10-05 15:20,2026-10-06,0,0,0,0,0,28800,0,0,0,0,0,N/A,N/A
2026-10-05 15:20,2026-10-06,0,0,0,0,0,29000,0,0,0,0,0,N/A,N/A
2026-10-05 15:20,2026-10-06,0,0,0,0,0,29200,0,0,0,0,0,N/A,N/A
2026-10-05 15:25,2026-10-06,9100,5200,1545.05,0,10725,21000,30164290,0,0.45,-1891890,3820440,Short Buildup,Long Unwinding
2026-10-05 15:25,2026-10-06,0,0,1359.7,0,130,21200,25361440,0,0.6,-380055,1586000,N/A,Long Unwinding
2026-10-05 15:25,2026-10-06,1300,0,1149.55,0,650,21400,47330725,0,0.85,-31265,3155230,N/A,Long Unwinding
2026-10-05 15:25,2026-10-06,4745,-130,950,0,1495,21600,100983675,0,1.2,1453595,4507490,Long Unwinding,Short Buildup
2026-10-05 15:25,2026-10-06,39195,-2535,759.7,0,69745,21800,164167120,0,1.65,2576405,8094060,Short Covering,Short Buildup
2026-10-05 15:25,2026-10-06,469300,-306605,561,0,3263065,22000,221794430,0,3.15,2938975,12997465,Long Unwinding,Short Buildup
2026-10-05 15:25,2026-10-06,607360,-233675,366.05,0,7511595,22200,283213060,0,7.85,3534895,10040225,Long Unwinding,Short Buildup
2026-10-05 15:25,2026-10-06,2794610,-769210,188.6,0,152406865,22400,623939745,0,29.8,10270780,14506440,Long Unwinding,Long Buildup
2026-10-05 15:25,2026-10-06,14453530,8364135,61.2,0,757867110,22600,407157595,0,102.65,4423965,6937125,Long Buildup,Long Buildup
2026-10-05 15:25,2026-10-06,15468700,6525610,11.6,0,336083475,22800,22870900,0,253.7,-390780,1417585,Short Buildup,Short Covering
2026-10-05 15:25,2026-10-06,15664740,1900015,3.3,0,167885770,23000,4332055,0,444.65,-513630,1150175,Short Buildup,Short Covering
2026-10-05 15:25,2026-10-06,8128185,-1347320,1.35,0,96240105,23200,302900,0,645.25,-99255,364585,Long Unwinding,Short Covering
2026-10-05 15:25,2026-10-06,5043675,-49010,0.9,0,45016985,23400,177775,0,844,-93340,458120,Long Unwinding,Short Covering
2026-10-05 15:25,2026-10-06,3634085,-916240,0.65,0,33772440,23600,105430,0,1039.8,-50505,110760,Long Unwinding,Long Unwinding
2026-10-05 15:25,2026-10-06,2737735,-1437410,0.45,0,22484475,23800,71435,0,1242.5,-27040,76830,Long Unwinding,Short Covering
2026-10-05 15:25,2026-10-06,5717530,-5381480,0.45,0,34887970,24000,231400,0,1443,-181025,312975,Long Unwinding,Short Covering
2026-10-05 15:25,2026-10-06,1240395,-1290055,0.25,0,8028995,24200,56485,0,1642,-45630,43160,Long Unwinding,Long Unwinding
2026-10-05 15:25,2026-10-06,755560,-919750,0.25,0,3413605,24400,42770,0,1845,-17810,37375,Long Unwinding,Long Unwinding
2026-10-05 15:25,2026-10-06,330655,-887965,0.3,0,2660775,24600,13715,0,2035,-11505,5980,Long Unwinding,Long Unwinding
2026-10-05 15:25,2026-10-06,255255,-133055,0.25,0,754000,24800,2015,0,2278.5,-650,10595,Long Unwinding,Long Unwinding
2026-10-05 15:25,2026-10-06,1382225,-762385,0.2,0,6598280,25000,60125,0,2445.75,-48230,51155,Long Unwinding,Short Covering
2026-10-05 15:25,2026-10-06,287755,11570,0.2,0,1607060,25200,130,0,2640,-65,975,Short Buildup,Long Unwinding
2026-10-05 15:25,2026-10-06,50440,7410,0.25,0,91715,25400,650,0,2840,-585,1495,Short Buildup,Long Unwinding
2026-10-05 15:25,2026-10-06,133120,-7410,0.3,0,282100,25600,130,0,2443.05,-130,0,Long Unwinding,Long Unwinding
2026-10-05 15:25,2026-10-06,619710,61165,0.35,0,1451710,25800,5395,0,3310,-4680,5395,Short Buildup,Long Unwinding
2026-10-05 15:25,2026-10-06,0,0,0,0,0,26000,0,0,0,0,0,N/A,N/A
2026-10-05 15:25,2026-10-06,0,0,0,0,0,26200,0,0,0,0,0,N/A,N/A
2026-10-05 15:25,2026-10-06,0,0,0,0,0,26400,0,0,0,0,0,N/A,N/A
2026-10-05 15:25,2026-10-06,0,0,0,0,0,26600,0,0,0,0,0,N/A,N/A
2026-10-05 15:25,2026-10-06,0,0,0,0,0,26800,0,0,0,0,0,N/A,N/A
2026-10-05 15:25,2026-10-06,0,0,0,0,0,27000,0,0,0,0,0,N/A,N/A
2026-10-05 15:25,2026-10-06,0,0,0,0,0,27200,0,0,0,0,0,N/A,N/A
2026-10-05 15:25,2026-10-06,0,0,0,0,0,27400,0,0,0,0,0,N/A,N/A
2026-10-05 15:25,2026-10-06,0,0,0,0,0,27600,0,0,0,0,0,N/A,N/A
2026-10-05 15:25,2026-10-06,0,0,0,0,0,27800,0,0,0,0,0,N/A,N/A
2026-10-05 15:25,2026-10-06,0,0,0,0,0,28000,0,0,0,0,0,N/A,N/A
2026-10-05 15:25,2026-10-06,0,0,0,0,0,28200,0,0,0,0,0,N/A,N/A
2026-10-05 15:25,2026-10-06,0,0,0,0,0,28400,0,0,0,0,0,N/A,N/A
2026-10-05 15:25,2026-10-06,0,0,0,0,0,28600,0,0,0,0,0,N/A,N/A
2026-10-05 15:25,2026-10-06,0,0,0,0,0,28800,0,0,0,0,0,N/A,N/A
2026-10-05 15:25,2026-10-06,0,0,0,0,0,29000,0,0,0,0,0,N/A,N/A
2026-10-05 15:25,2026-10-06,0,0,0,0,0,29200,0,0,0,0,0,N/A,N/A
